%YAML:1.0
---
opencv_eigenfaces:
   threshold: 1.7976931348623157e+308
   num_components: 18
   mean: !!opencv-matrix
      rows: 1
      cols: 18
      dt: d
      data: [ 6.0632980118195212e-13, -1.5395092608135502e-13,
          1.5789838572446670e-15, -5.2895959217696342e-14,
          -2.2895265930047670e-14, -3.6316628716627340e-14,
          2.8421709430404007e-14, 0., -2.4079503822981173e-14,
          -3.0000693287648675e-14, 9.8686491077791689e-15,
          -6.3159354289786686e-14, 3.8487731520338756e-14,
          3.7303493627405260e-14, -3.5527136788005009e-15,
          9.1285004246957307e-15, -5.6448672896496843e-14,
          5.6843418860808015e-14 ]
   eigenvalues: !!opencv-matrix
      rows: 18
      cols: 1
      dt: d
      data: [ 2.6215860523380928e+07, 7.4209476777818764e+05,
          6.4261509995209170e+05, 4.5152090317484149e+05,
          2.9432469322089117e+05, 2.2122448194543875e+05,
          1.8497314427546930e+05, 1.4644306390801506e+05,
          1.4200124891464523e+05, 1.0989103236928592e+05,
          9.9956867096831920e+04, 9.6040990343539059e+04,
          7.2391557096721721e+04, 5.6075653660882585e+04,
          4.7154220585994837e+04, 4.2363242807757029e+04,
          1.9913200315844115e+04, 1.8894054600380713e-12 ]
   eigenvectors: !!opencv-matrix
      rows: 18
      cols: 18
      dt: d
      data: [ 9.9991140807512091e-01, 5.0622618434557301e-04,
          1.4314644853678957e-03, 3.5197563573701910e-04,
          -1.5806793609532787e-03, 6.5023304333318129e-04,
          2.6969028677414826e-03, -5.9320539676357238e-03,
          5.5298400634606866e-03, 1.9437442954154686e-03,
          1.2505339799705865e-03, -1.1457110581533660e-03,
          2.8010978523904613e-05, -5.5573388175641548e-04,
          5.4337558610862487e-04, -4.4522627287119987e-04,
          -1.8012506859377329e-03, -9.3851736755144501e-03,
          -1.2035030503827782e-05, 9.9908705203046411e-01,
          -2.4571884651936909e-02, -2.0721184539348684e-03,
          6.0693194976230202e-03, -2.1517779340208157e-03,
          -8.3547256913238509e-03, 1.7211904506788646e-02,
          -1.5928660026737873e-02, -5.3207252640603032e-03,
          -3.3714142768240061e-03, 3.0705274302801483e-03,
          -7.2481178693587731e-05, 1.4046489998513166e-03,
          -1.3562219940310030e-03, 1.1038333568779233e-03,
          4.3304979940625675e-03, 2.1974008567738412e-02,
          -3.0718445599455195e-05, 2.0693935750695915e-02,
          9.9400612367121877e-01, -8.3237495982266905e-03,
          2.0324620027946515e-02, -6.9080177824768765e-03,
          -2.6387399802697786e-02, 5.3555713593895375e-02,
          -4.9484315899202443e-02, -1.6353041553022505e-02,
          -1.0330033719819370e-02, 9.3969641511915461e-03,
          -2.2030762273798966e-04, 4.2506291249012227e-03,
          -4.0945719145984568e-03, 3.3285236483705793e-03,
          1.2986917687595341e-02, 6.5598994940280445e-02,
          -5.0551472512327753e-06, 1.2469869538268312e-03,
          5.3802399612107197e-03, 9.9960175958336228e-01,
          7.3422828301841370e-03, -2.0663811411566584e-03,
          -7.4141042712464935e-03, 1.4267660648049383e-02,
          -1.3111472425292106e-02, -4.1803375573828370e-03,
          -2.6144190639225025e-03, 2.3692224407343282e-03,
          -5.4357607180979284e-05, 1.0345676662663935e-03,
          -9.8956669483894690e-04, 8.0146898023568446e-04,
          3.0763795521391414e-03, 1.5333388369998889e-02,
          1.2261842387216340e-05, -1.9643090958289893e-03,
          -7.1560352403989350e-03, -3.8895107243286657e-03,
          9.9182342347474106e-01, 1.6511488158213170e-02,
          4.5238677382249903e-02, -7.3181445794809077e-02,
          6.6203726236950339e-02, 1.9179544443514419e-02,
          1.1703864034980397e-02, -1.0509556756593387e-02,
          2.2941650528449345e-04, -4.2387763512430118e-03,
          3.9945481344659806e-03, -3.2106613629110789e-03,
          -1.1925809756129375e-02, -5.7936867411161025e-02,
          -2.9409364804554139e-06, 4.0846416076431791e-04,
          1.4330873563148958e-03, 6.4922806883812309e-04,
          -9.2174011171603752e-03, 9.9816883105214527e-01,
          -3.2216065610934000e-02, 3.4264921249073571e-02,
          -3.0149561740806987e-02, -7.5426815196000937e-03,
          -4.4559333446155995e-03, 3.9550302378863885e-03,
          -8.1374761180040111e-05, 1.4556002315123187e-03,
          -1.3506308081652366e-03, 1.0771755018437752e-03,
          3.8745795208149914e-03, 1.8382449186625228e-02,
          -7.6371944079677394e-06, 9.8819906414357147e-04,
          3.4109292647118302e-03, 1.4437374915865337e-03,
          -1.5640665372405785e-02, 1.8432717853151610e-02,
          9.6700973549271829e-01, 1.8747840110684452e-01,
          -1.5531559648936977e-01, -3.0271714808804851e-02,
          -1.7119881509187338e-02, 1.4971372868851859e-02,
          -2.8720930635055112e-04, 4.9621350914780902e-03,
          -4.5319956042577615e-03, 3.5865044652932778e-03,
          1.2509136910327309e-02, 5.8084423992662934e-02,
          1.8645852721519844e-06, -2.2636393869491703e-04,
          -7.7082755244982067e-04, -3.0965293484298454e-04,
          2.8632580210260230e-03, -2.3008845544100890e-03,
          -1.8035065395738476e-02, 6.9679808871043003e-01,
          7.1654993760208907e-01, 1.5564228742585730e-02,
          7.7636221808969159e-03, -6.5344376853432801e-03,
          1.0717636834640430e-04, -1.7333696489490659e-03,
          1.5394037574313869e-03, -1.2021718947743687e-03,
          -3.9879084354331358e-03, -1.7920962980180723e-02,
          9.9187711028974689e-06, -1.1460544394365163e-03,
          -3.8645262562590999e-03, -1.4978195204146945e-03,
          1.2636175539563897e-02, -8.7352331422957275e-03,
          -5.4566963252522492e-02, 2.5889036419111899e-01,
          -2.7840939315523827e-01, 8.9836818603381663e-01,
          1.3945995735216360e-01, -9.8367002246216598e-02,
          1.0069450669026143e-03, -1.4265369092733316e-02,
          1.2063820189121489e-02, -9.2164575677322422e-03,
          -2.8323358575921626e-02, -1.2167257768981764e-01,
          8.0829263143731948e-06, -9.1767737512798964e-04,
          -3.0840993550865568e-03, -1.1812579692669725e-03,
          9.6911721953319881e-03, -6.4413515498697943e-03,
          -3.8389506650938134e-02, 1.5726758075557645e-01,
          -1.6276018862415534e-01, -2.7980335428017017e-01,
          8.9213572929254348e-01, -2.4424426433522500e-01,
          1.1417183691903535e-03, -1.4546827055753206e-02,
          1.1897856912356385e-02, -8.9622739192056836e-03,
          -2.6319307813870374e-02, -1.1034617136277368e-01,
          -5.3436897362675237e-06, 6.0245928064092495e-04,
          2.0220704984494514e-03, 7.7093058044993732e-04,
          -6.2584786177505560e-03, 4.1012634752852833e-03,
          2.4055006271982940e-02, -9.4299681937825175e-02,
          9.6602873155500271e-02, 1.1881582750905077e-01,
          3.3515717690289021e-01, 9.2101932994981950e-01,
          -8.9609238817003325e-04, 1.0700568369391775e-02,
          -8.5936947814189337e-03, 6.4253828931426530e-03,
          1.8442358716907699e-02, 7.6426915674590659e-02,
          -3.3319262546715770e-05, 3.6372423679864288e-03,
          1.2135876678023457e-02, 4.5334151835049836e-03,
          -3.5185515865742929e-02, 2.1786906641761392e-02,
          1.2040461100433458e-01, -4.0891449423688492e-01,
          4.0664932295395817e-01, 2.7603409016738589e-01,
          2.4928890312566812e-01, -2.7159215122247532e-01,
          -4.7055848929521769e-02, 1.4208606775410074e-01,
          -9.4951662648135676e-02, 6.6502258717115834e-02,
          1.6016767784366279e-01, 6.1435935115939388e-01,
          -1.5915479503577306e-06, 1.7299712629849210e-04,
          5.7677224855979788e-04, 2.1489452284550819e-04,
          -1.6586647779069262e-03, 1.0202906535979293e-03,
          5.6021015709524459e-03, -1.8760891947525969e-02,
