%YAML:1.0
---
opencv_eigenfaces:
   threshold: 1.7976931348623157e+308
   num_components: 18
   mean: !!opencv-matrix
      rows: 1
      cols: 18
      dt: d
      data: [ 6.0632980118195212e-13, -1.9579399829833870e-13,
          -1.3895057943753069e-13, 6.6317322004276009e-14,
          -6.6317322004276009e-14, 2.1316282072803006e-14,
          -3.8882477484649928e-14, -4.7369515717340010e-15,
          -1.8947806286936004e-14, 6.3159354289786680e-15,
          7.1054273576010019e-15, -4.2237818181294839e-14,
          -7.5791225147744016e-14, -6.0001386575297350e-14,
          7.1054273576010019e-15, -1.5789838572446671e-14,
          -1.2316074086508402e-13, 6.3159354289786680e-15 ]
   eigenvalues: !!opencv-matrix
      rows: 18
      cols: 1
      dt: d
      data: [ 3.6444601514502980e+07, 8.5425321357998822e+05,
          6.9894793110838183e+05, 5.6006424652458285e+05,
          3.8753296733201167e+05, 3.1984389024645690e+05,
          2.3077894660391455e+05, 1.5065328806417374e+05,
          1.3548892537608766e+05, 1.2290999646570391e+05,
          1.1641567968988715e+05, 8.5792291802499865e+04,
          8.0693305851403929e+04, 7.7148538251669161e+04,
          4.9956852664307087e+04, 4.3378374620822804e+04,
          2.1374804863906302e+04, 8.3439465643706349e-11 ]
   eigenvectors: !!opencv-matrix
      rows: 18
      cols: 18
      dt: d
      data: [ 9.9753233403500474e-01, -2.0805907005656380e-02,
          -2.6608985406209085e-02, 1.3984980661929879e-03,
          1.3138361527338414e-02, 6.8616589732516291e-03,
          3.0039445124027467e-03, 6.3832092472306079e-05,
          7.8325654924601366e-03, 1.2440540618217067e-03,
          -5.4587778812164164e-03, 2.6642514811566358e-02,
          -4.5150569041267612e-03, -3.1164552202614620e-03,
          4.2621344243548272e-04, -3.6444739021599913e-03,
          -1.6216414339015911e-02, -4.9483165262913215e-02,
          2.3655508334911483e-04, 9.1310964009080131e-01,
          -3.8218299390341803e-01, 9.2260713269867647e-03,
          5.2030892314289777e-02, 2.3511406176637991e-02,
          8.7483439671737998e-03, 1.6387667839166053e-04,
          1.9668827788459884e-02, 3.0683960747118701e-03,
          -1.3341224103136673e-02, 6.2436577530879403e-02,
          -1.0509124759111730e-02, -7.2196871149004718e-03,
          9.5305180347100751e-04, -8.0814608351867760e-03,
          -3.4984804138103072e-02, -1.0401872380729127e-01,
          4.9222809923380893e-04, 2.7075056674540704e-01,
          8.2041169255408752e-01, 2.0108678314841522e-01,
          2.3689333872656948e-01, 9.2270769073095435e-02,
          3.0303371327348765e-02, 5.2621690625247089e-04,
          6.2416140762519300e-02, 9.6469120672039339e-03,
          -4.1750047796487437e-02, 1.9142204319486070e-01,
          -3.2116245264415907e-02, -2.2015116297134062e-02,
          2.8598732264427671e-03, -2.4161443254847800e-02,
          -1.0337171214678802e-01, -3.0407834913231319e-01,
          -1.1449639488036304e-04, -5.7523902955194231e-02,
          -1.5582477482794280e-01, 9.7926456617094781e-01,
          -6.3438160129282953e-02, -2.3794475387325043e-02,
          -7.6080549824652051e-03, -1.3022482615075324e-04,
          -1.5413493881563276e-02, -2.3783338849582493e-03,
          1.0284554809610975e-02, -4.6986182215012710e-02,
          7.8788644978159943e-03, 5.3987891767727893e-03,
          -6.9942641070066907e-04, 5.9054210225528425e-03,
          2.5216351370639128e-02, 7.4046628137436607e-02,
          -1.9372177749015366e-04, -5.9411094647035992e-02,
          -1.1210700210819952e-01, 1.0188056453490904e-02,
          9.3747049436838104e-01, -2.0170559041874481e-01,
          -3.0986170323962427e-02, -4.1641351011584450e-04,
          -4.7781157152188787e-02, -7.2018292950028848e-03,
          3.0790045266077169e-02, -1.3407161901034240e-01,
          2.2320503558204835e-02, 1.5220018318413363e-02,
          -1.9048838386161854e-03, 1.5960937567112792e-02,
          6.6549263292583802e-02, 1.9138168431751712e-01,
          -1.1571949412328285e-04, -3.1994654675011537e-02,
          -5.7673157212527956e-02, 4.7596204333036629e-03,
          1.5017070978050637e-01, 9.6932288890244567e-01,
          -3.0569858848150340e-02, -3.3143772685903045e-04,
          -3.7227655463297857e-02, -5.5253384346309765e-03,
          2.3451415577332765e-02, -9.9174774219519368e-02,
          1.6441757919255715e-02, 1.1179851590950706e-02,
          -1.3724787216134674e-03, 1.1452479294963687e-02,
          4.7154012913933487e-02, 1.3416725999879461e-01,
          -2.8306061999420121e-05, -6.7920661358828686e-03,
          -1.1614910957364402e-02, 8.7082001620931548e-04,
          1.7232615352930799e-02, 1.5822028487876293e-02,
          9.9751929446815579e-01, -1.6683133963487929e-04,
          -1.7199137840974970e-02, -2.4121824955488872e-03,
          9.9818424030480232e-03, -3.8416123742118002e-02,
          6.2890903805201889e-03, 4.2408034354124062e-03,
          -4.9283311025285082e-04, 4.0664386429603025e-03,
          1.6196869198144788e-02, 4.4859927629137875e-02,
          -2.7120440282473743e-07, -5.7849405263791826e-05,
          -9.5357057607217745e-05, 6.7380379177901707e-06,
          1.0993546247108881e-04, 8.0537062196256248e-05,
          7.4634143935902955e-05, 9.9999879616172582e-01,
          -1.0309755971775888e-03, -8.9536332291033981e-05,
          3.1841072527231685e-04, -8.2102101010302379e-04,
          1.2901415071632882e-04, 8.4764069905293187e-05,
          -8.4684778556049468e-06, 6.7984174509673047e-05,
          2.5116746783759950e-04, 6.5806628931815050e-04,
          -2.9617715859494781e-05, -6.1723328205017091e-03,
          -1.0107129882832674e-02, 7.0701093674400690e-04,
          1.1211671273068885e-02, 8.0003843470532899e-03,
          6.7342880709075799e-03, 8.2348880149234118e-04,
          9.8561661958683977e-01, -2.5023531142457450e-02,
          6.8689941245746566e-02, -1.2130609566985792e-01,
          1.8584683222299749e-02, 1.2025714937401316e-02,
          -1.1118266011076060e-03, 8.8166227607766583e-03,
          3.1568439753285923e-02, 8.0982668230501154e-02,
          -4.2435090330941403e-06, -8.7144726780430534e-04,
          -1.4211738793034026e-03, 9.8805330618386116e-05,
          1.5407604573245094e-03, 1.0832451130529427e-03,
          8.6779550554983971e-04, 7.1781963954118197e-05,
          1.9401882801499352e-02, 9.9910400751461914e-01,
          2.6444055333526242e-02, -2.2489116211669154e-02,
          3.3509153466596726e-03, 2.1338158702586315e-03,
          -1.8313334341412909e-04, 1.4366103777484688e-03,
          5.0095633857652269e-03, 1.2634526690464668e-02,
          1.7098901802043035e-05, 3.4781197792376328e-03,
          5.6574219890542527e-03, -3.9179928459633290e-04,
          -6.0462538827141697e-03, -4.2127887847520839e-03,
          -3.2800624149845123e-03, -2.3008193720213112e-04,
          -4.9910819161366339e-02, -2.1805684877580500e-02,
          9.9020738892443860e-01, 1.1228969950480099e-01,
          -1.6261676876510121e-02, -1.0193881953345250e-02,
          8.1831348494469452e-04, -6.3621096935784138e-03,
          -2.1719738760087901e-02, -5.4066144557199498e-02,
          -5.3732442484372215e-06, -1.0447392479851091e-03,
          -1.6792005922804862e-03, 1.1427776553809464e-04,
          1.6857312720068543e-03, 1.1319011748154163e-03,
          7.9191109477767503e-04, 3.6231594329222974e-05,
          5.6827035723041371e-03, 1.1731091259447079e-03,
          -6.0892187950328065e-03, 2.1505883867335548e-01,
          9.7562555232782511e-01, 3.3172375533882477e-02,
          -5.4745955302502121e-04, 3.8606879880572409e-03,
          1.0832546737633781e-02, 2.4333081655573286e-02,
          -7.2543103850956572e-06, -1.4041590180447279e-03,
          -2.2542985993467333e-03, 1.5316187196074655e-04,
          2.2499864004091636e-03, 1.5058830486816891e-03,
          1.0444545697975501e-03, 4.6546590612886869e-05,
