%YAML:1.0
---
opencv_eigenfaces:
   threshold: 1.7976931348623157e+308
   num_components: 18
   mean: !!opencv-matrix
      rows: 1
      cols: 18
      dt: d
      data: [ 1.4652970195230509e-12, -1.0973937807850435e-13,
          2.6526928801710404e-13, -1.1368683772161603e-13,
          -4.7369515717340008e-14, 0., -1.0105496686365869e-13,
          -3.4737644859382672e-14, 6.3159354289786686e-14,
          -7.1054273576010019e-14, 2.6053233644537006e-14,
          1.5789838572446671e-14, -2.2105774001425336e-14,
          3.1974423109204508e-14, -1.4645075275944287e-13,
          2.4474249787292338e-14, -5.2895959217696342e-14,
          -1.4210854715202004e-13 ]
   eigenvalues: !!opencv-matrix
      rows: 18
      cols: 1
      dt: d
      data: [ 3.9744436721962042e+07, 8.2320285055229743e+05,
          7.0791422070867394e+05, 4.6914433118873392e+05,
          3.8701250800106308e+05, 3.4760711876102374e+05,
          2.6663540600357112e+05, 2.0235530439834486e+05,
          1.6870354673344287e+05, 1.3545570500851062e+05,
          1.1956985555544644e+05, 1.1029265161809270e+05,
          8.7137544910389275e+04, 8.1586286036759411e+04,
          7.4017863492929129e+04, 4.4917489699150436e+04,
          1.8061383038869863e+04, 6.9850208790647845e-11 ]
   eigenvectors: !!opencv-matrix
      rows: 18
      cols: 18
      dt: d
      data: [ 9.9166628529370116e-01, 1.4843788935381939e-02,
          9.0922065615802947e-03, -1.1191422201046635e-02,
          9.4287519077899534e-03, -4.9133531221151994e-02,
          4.7567748711261945e-02, 2.8989869679269954e-02,
          2.3453901812732977e-03, -1.7162585309837421e-02,
          -2.3729816149301794e-02, -8.2393083102900409e-03,
          2.2579277891050707e-02, 1.7658583837919319e-02,
          -1.9174543998456462e-02, -6.4501329797266036e-03,
          -4.2843635651681833e-03, 9.1560350663275017e-02,
          -2.4597551657343599e-04, 9.9241621068543751e-01,
          -4.7945925162191053e-02, 1.8362483719852662e-02,
          -1.2526741223987342e-02, 5.9832278649913549e-02,
          -4.9472277496744647e-02, -2.7030745294420625e-02,
          -2.0747796928497907e-03, 1.4451662410538758e-02,
          1.9532951172402554e-02, 6.6943848769773903e-03,
          -1.7772291062696361e-02, -1.3795912521475391e-02,
          1.4830094911221628e-02, 4.8037166315397090e-03,
          3.0853342029142283e-03, -6.4504333308437189e-02,
          -1.3645281002348564e-04, 3.9274429277270893e-02,
          9.9619736918305501e-01, 1.4967271954538848e-02,
          -9.3733640502862547e-03, 4.3504409826794398e-02,
          -3.4410969460815767e-02, -1.8320195927266050e-02,
          -1.3903804901787191e-03, 9.5885299760990056e-03,
          1.2903106764148057e-02, 4.4112984149090812e-03,
          -1.1642777421376706e-02, -9.0256817050580179e-03,
          9.6848561189160787e-03, 3.1165999148706088e-03,
          1.9905770201421092e-03, -4.1469663048792196e-02,
          8.0310238184672745e-05, -7.7148410741196723e-03,
          -7.0083785511397692e-03, 9.9453318676696700e-01,
          2.2057439476574878e-02, -7.7097409896907165e-02,
          4.4575931951741331e-02, 2.0603098351653949e-02,
          1.4801302937508239e-03, -9.7532886984017901e-03,
          -1.2874086086346529e-02, -4.3548477837851958e-03,
          1.1213443678007872e-02, 8.6446326230015230e-03,
          -9.2077865106744202e-03, -2.8860333593949249e-03,
          -1.8035600786619505e-03, 3.7070131459466221e-02,
          -3.5203404232111842e-05, 2.7620217079672854e-03,
          2.3050672954329486e-03, -1.1076469496699918e-02,
          9.9351921608334448e-01, 1.0471513052734327e-01,
          -3.2809512614273291e-02, -1.3026993235941491e-02,
          -8.9166015751509175e-04, 5.6645763796184497e-03,
          7.3685376861019952e-03, 2.4730267257807191e-03,
          -6.2562099358836575e-03, -4.8043234812799882e-03,
          5.0912941179323745e-03, 1.5678100982898374e-03,
          9.6608508774418268e-04, -1.9689655210215918e-02,
          2.1307044513651396e-04, -1.4515615225301910e-02,
          -1.1562253215127766e-02, 3.7107962086848481e-02,
          -6.9217175094975533e-02, 8.6008042142482533e-01,
          4.5348814494881845e-01, 1.2440224107786722e-01,
          7.8193167945707631e-03, -4.6899178835560162e-02,
          -5.9706570225675694e-02, -1.9814550365506840e-02,
          4.8908985677084169e-02, 3.7361569780495360e-02,
          -3.9323787915891445e-02, -1.1832974199267496e-02,
          -7.1635311169533609e-03, 1.4449208964989252e-01,
          -2.3481665750195343e-04, 1.3631955578833217e-02,
          1.0396705066396230e-02, -2.5749483270423461e-02,
          3.3133888246342676e-02, -2.3089707775224128e-01,
          7.2320751997506405e-01, -5.7400633350232289e-01,
          -2.1086954821161904e-02, 1.0029965533118221e-01,
          1.1883222564832337e-01, 3.8079596872126233e-02,
          -8.7528379001988177e-02, -6.5907488022346666e-02,
          6.8113002091503935e-02, 1.9330296486437380e-02,
          1.1222754638455467e-02, -2.2113218795452819e-01,
          -2.5664567402905729e-04, 1.3735478481972319e-02,
          1.0278910141121742e-02, -2.3216019994775249e-02,
          2.7349161753494906e-02, -1.7605118374208617e-01,
          3.2903423852110047e-01, 7.5934000200862017e-01,
          -1.3495398963640032e-01, 2.3779136345615354e-01,
          2.4134444579376010e-01, 7.2539295444426652e-02,
          -1.4889895349627116e-01, -1.0984513615217660e-01,
          1.1071713758610627e-01, 2.9196960324454371e-02,
          1.6173108822318077e-02, -3.1094741506140805e-01,
          -4.1354623600532389e-05, 2.1774712620215766e-03,
          1.6236836358051948e-03, -3.6079666931779397e-03,
          4.1909814025729592e-03, -2.6670599641893448e-02,
          4.7217792246849445e-02, 8.3507067914740232e-02,
          9.9025930736501722e-01, 5.0822847448925589e-02,
          4.7462317630810359e-02, 1.3855047221776013e-02,
          -2.7175647756296790e-02, -1.9898199896848837e-02,
          1.9879007001799918e-02, 5.1159313694961392e-03,
          2.7933234088750301e-03, -5.3320460768218496e-02,
          7.1279691517306951e-05, -3.5600627154849375e-03,
          -2.6252972769071491e-03, 5.5565916215142234e-03,
          -6.2043058297209467e-03, 3.8287891898276992e-02,
          -5.9540455002994742e-02, -6.9713161070956139e-02,
          -1.0868053077771927e-02, 9.2734072559808722e-01,
          -3.1370686901962086e-01, -6.3092493401235517e-02,
          8.4370173891898978e-02, 5.8773898115815133e-02,
          -5.5547650655328615e-02, -1.2474653315138799e-02,
          -6.3430201770044723e-03, 1.1710857462648221e-01,
          8.4944787289813114e-05, -4.1303482492333152e-03,
          -3.0295077317838604e-03, 6.2692894659426976e-03,
          -6.8809208104614597e-03, 4.1927649259671032e-02,
          -6.2145271469240669e-02, -6.5295372024520362e-02,
          -8.4940860998725786e-03, 1.5523335625220533e-01,
          7.5202142248319159e-01, -5.6612434520541033e-01,
          1.7430179808587559e-01, 1.1241180862109006e-01,
          -9.8516636714833697e-02, -1.9035171638385372e-02,
          -9.0816377683754779e-03, 1.6319694922388595e-01,
          8.9569894837931912e-05, -4.3248323505604173e-03,
          -3.1677912322415512e-03, 6.5183925242502409e-03,
          -7.1242330582759654e-03, 4.3277601211261403e-02,
          -6.3435443259579907e-02, -6.5144190998172050e-02,
          -8.2058828022818914e-03, 1.3324330417267743e-01,
          4.4041499723042227e-01, 8.1153085301193151e-01,
          2.2831048176135435e-01, 1.4124390784192106e-01,
          -1.1937270542945545e-01, -2.1688293202115128e-02,
          -1.0117836041032531e-02, 1.8019521099331290e-01,
          -3.9411698462217296e-05, 1.8430884571850540e-03,
          1.3417339990203490e-03, -2.6932567814085622e-03,
          2.8911747189008566e-03, -1.7339760648264580e-02,
          2.4299444775114531e-02, 2.2921710406440178e-02,
