%YAML:1.0
---
opencv_eigenfaces:
   threshold: 1.7976931348623157e+308
   num_components: 18
   mean: !!opencv-matrix
      rows: 1
      cols: 18
      dt: d
      data: [ 1.1873958606479897e-12, -2.0210993372731737e-13,
          -3.4737644859382672e-14, 1.7053025658242404e-13,
          3.0000693287648675e-14, -4.4211548002850673e-14,
          -9.4739031434680020e-15, -8.3686144433967348e-14,
          -4.7369515717340008e-14, -2.3684757858670005e-15,
          -6.3159354289786680e-15, 1.8947806286936004e-14,
          -4.5790531860095340e-14, 1.4013481733046419e-14,
          -3.4737644859382672e-14, 3.7895612573872008e-14,
          -6.4294248937181285e-14, 4.4211548002850673e-14 ]
   eigenvalues: !!opencv-matrix
      rows: 18
      cols: 1
      dt: d
      data: [ 3.2736237285758138e+07, 7.0214221258702676e+05,
          6.4906202897559700e+05, 6.0564488749214902e+05,
          4.7381230578597682e+05, 3.0869266746002401e+05,
          2.3228087684733790e+05, 1.8537038842087120e+05,
          1.6117534045792918e+05, 1.4526119918056831e+05,
          1.1078325538965437e+05, 9.0125260122736654e+04,
          6.9195010558426919e+04, 5.4787837464620265e+04,
          4.6236180078474557e+04, 4.3273835297998761e+04,
          1.9813888364013706e+04, 3.9459842242235441e-12 ]
   eigenvectors: !!opencv-matrix
      rows: 18
      cols: 18
      dt: d
      data: [ 9.9998494439847385e-01, 8.0252528069269454e-05,
          5.4854548783875886e-05, 6.7832505229181890e-04,
          2.3469862016714139e-04, -1.3138528611353651e-05,
          1.9539258045184256e-04, -5.2307416837166960e-06,
          1.0663710811538451e-04, 1.8904729538474910e-04,
          6.6125408034662693e-04, -2.1575168816336341e-03,
          -2.0287486520907411e-04, -1.3282596574335490e-04,
          1.5794716309573594e-04, 6.6845380152290846e-05,
          -3.0486707669042552e-03, -3.8763493035009447e-03,
          -1.5201936239222627e-06, 9.9985012447520349e-01,
          -1.6437659173223365e-03, -1.1184089552904406e-02,
          -1.6408670758951674e-03, 5.3567198161851041e-05,
          -6.6861939095038737e-04, 1.6297490435819760e-05,
          -3.1762296596218290e-04, -5.4725718449081563e-04,
          -1.8044881220505259e-03, 5.6924516527913699e-03,
          5.1789859422135250e-04, 3.3167628907001357e-04,
          -3.8936441021395027e-04, -1.6405813022038921e-04,
          7.2302082914981270e-03, 8.9390664863074187e-03,
          -8.7286494482003444e-07, 1.3762016823100642e-03,
          9.9986314629423700e-01, -1.4293851982107912e-02,
          -1.2292130470598745e-03, 3.5606325536640597e-05,
          -4.3345235112903033e-04, 1.0444711405273925e-05,
          -2.0252199788516290e-04, -3.4786050165913667e-04,
          -1.1400163639758030e-03, 3.5843871748620772e-03,
          3.2508743269664007e-04, 2.0777201335584632e-04,
          -2.4362621015332875e-04, -1.0261097560792288e-04,
          4.5086031683872988e-03, 5.5609888127246560e-03,
          -1.1899706850015157e-05, 9.5062538245413563e-03,
          1.3158901744242274e-02, 9.9222610320410187e-01,
          -2.3849656715107970e-02, 5.7369001546298914e-04,
          -6.7607358255937274e-03, 1.6059903284596194e-04,
          -3.0946547317981998e-03, -5.2955959866154163e-03,
          -1.7228093111818086e-02, 5.3954959806227984e-02,
          4.8754510922177467e-03, 3.1086209745321940e-03,
          -3.6401184847731391e-03, -1.5324463593542643e-03,
          6.7099419056253273e-02, 8.2535060978598876e-02,
          -3.4366847053921965e-06, 1.2630181823296408e-03,
          1.1253779360757853e-03, 1.8494932119583279e-02,
          9.9881537608435822e-01, 2.9203497353102266e-04,
          -2.9711878421385140e-03, 6.6661720268904731e-05,
          -1.2544767162325507e-03, -2.1169794544889800e-03,
          -6.7069934260904499e-03, 2.0715611940037099e-02,
          1.8481310859915394e-03, 1.1688331039738434e-03,
          -1.3623954553095919e-03, -5.7266101084970712e-04,
          2.4783425355120386e-02, 3.0209980955364313e-02,
          1.1666531013481472e-07, -2.5102080139053384e-05,
          -1.9866483028250270e-05, -2.8196619462626229e-04,
          -1.7617082508861041e-04, 9.9999688662001907e-01,
          3.1931755693757451e-04, -5.3041970260553570e-06,
          9.0465918957519057e-05, 1.4483252925154649e-04,
          4.1878555938533907e-04, -1.2380356614882118e-03,
          -1.0630884514200687e-04, -6.5681910560021721e-05,
          7.5579116886354168e-05, 3.1631973148872902e-05,
          -1.3264559408589446e-03, -1.5792734132530689e-03,
          -1.2428691745144842e-06, 2.2433613529815056e-04,
          1.7314229572402994e-04, 2.3930936374156266e-03,
          1.2847070821015902e-03, -2.2796067526575537e-04,
          9.9931547243674312e-01, 1.4973222165593026e-04,
          -2.0115204689283074e-03, -2.9133484991786382e-03,
          -7.3001038398450941e-03, 2.0363753723777033e-02,
          1.6697656859467091e-03, 1.0048016185006320e-03,
          -1.1401381254382468e-03, -4.7499184024513662e-04,
          1.9282223183505847e-02, 2.2437007021409949e-02,
          2.5093730528561651e-08, -4.1264215200091989e-06,
          -3.1485899720081093e-06, -4.3015482313317175e-05,
          -2.1774610955875784e-05, 2.8656310003638984e-06,
          -1.1229866102188887e-04, 9.9999947226494801e-01,
          1.1908888529426624e-04, 1.2741690807993063e-04,
          2.3991833089695162e-04, -6.1340193866394894e-04,
          -4.7317969936816812e-05, -2.7574092614807930e-05,
          3.0781863274829343e-05, 1.2756871933619000e-05,
          -4.9972618972840424e-04, -5.6782338499579215e-04,
          -4.1837936921230108e-07, 6.5764513723873299e-05,
          4.9924311954025198e-05, 6.7857419506613353e-04,
          3.3514305364972381e-04, -3.9958215397899000e-05,
          1.2353134589129866e-03, -9.7200158424044748e-05,
          9.9976464426527678e-01, -5.3743856511255933e-03,
          -5.9307165968717811e-03, 1.3729195236589945e-02,
          9.9770044248981412e-04, 5.6496297713084489e-04,
          -6.2197144952155922e-04, -2.5663357623679210e-04,
          9.7683922423633454e-03, 1.0899652468247914e-02,
          -6.3543824926951448e-07, 9.7062988852249650e-05,
          7.3454687241361982e-05, 9.9531465772464706e-04,
          4.8448388412843416e-04, -5.4780605899490425e-05,
          1.5325912329098299e-03, -8.8986956752186446e-05,
          4.5533622531949642e-03, 9.9922566670455215e-01,
          -1.3208889349357407e-02, 2.6928971212864996e-02,
          1.8354123903928964e-03, 1.0104916855659348e-03,
          -1.0979869670526118e-03, -4.5120939695179250e-04,
          1.6738264690793002e-02, 1.8388071996794538e-02,
          -1.2656240491999583e-06, 1.8200949414901184e-04,
          1.3688146090530415e-04, 1.8433838262627267e-03,
          8.7240378311711857e-04, -8.9853228315486168e-05,
          2.1754937748010446e-03, -9.4558750495041816e-05,
          2.8388710373333254e-03, 7.2991538479894019e-03,
          9.8639350659547242e-01, 1.4961197886199112e-01,
          6.8328059223194109e-03, 3.3048444359929478e-03,
          -3.4026117714067734e-03, -1.3760966188704577e-03,
          4.6443941958818999e-02, 4.8432302223351827e-02,
          5.0670728074395333e-06, -6.9098391667120026e-04,
          -5.1697653419330585e-04, -6.9271851474588583e-03,
          -3.2059903946584844e-03, 3.0890034597881529e-04,
          -6.8693159436298426e-03, 2.6381155099873158e-04,
          -6.9276199299507348e-03, -1.5148213717992673e-02,
          -1.0703093714734488e-01, 8.9568693936289234e-01,
          -1.4435340224770674e-01, -3.2975399401727126e-02,
          2.8287437457569661e-02, 1.0918280060943662e-02,
          -2.9356626383536760e-01, -2.7727178433866789e-01,
          1.0337528720359723e-06, -1.3923523994394484e-04,
          -1.0405112636312164e-04, -1.3926583612219174e-03,
          -6.4138634168375201e-04, 6.0946144513418324e-05,
          -1.3335817763014592e-03, 5.0159904261992710e-05,
