%YAML:1.0
---
opencv_eigenfaces:
   threshold: 1.7976931348623157e+308
   num_components: 18
   mean: !!opencv-matrix
      rows: 1
      cols: 18
      dt: d
      data: [ -3.0316490059097606e-13, 8.0528176719478013e-14,
          -1.7053025658242404e-13, 1.2631870857957337e-13,
          7.9738684790855682e-14, -7.3422749361877011e-14,
          3.9474596431116676e-14, -3.1579677144893343e-14,
          1.5631940186722204e-13, -2.9211201359026338e-14,
          -2.8421709430404007e-14, 3.1579677144893343e-14,
          -4.4211548002850673e-14, 2.2105774001425336e-14,
          -7.5791225147744016e-14, 3.1579677144893340e-15,
          -3.4737644859382672e-14, 1.1131836193574902e-13 ]
   eigenvalues: !!opencv-matrix
      rows: 18
      cols: 1
      dt: d
      data: [ 3.6110536028937891e+07, 7.7790347463359905e+05,
          6.9082567028770421e+05, 6.3101259850537626e+05,
          3.9529835992799717e+05, 2.6688681869037839e+05,
          2.2096281556796748e+05, 2.1195492563107319e+05,
          1.6860754374590726e+05, 1.0640865981803616e+05,
          9.8328089951923714e+04, 7.4655766886589845e+04,
          6.9838820930683505e+04, 6.7142174535118495e+04,
          6.2204420190414399e+04, 4.4315130690294347e+04,
          2.6051136210238117e+04, 9.3970470629546155e-12 ]
   eigenvectors: !!opencv-matrix
      rows: 18
      cols: 18
      dt: d
      data: [ 9.9987794938032937e-01, -3.6703086347782262e-04,
          1.2228949330997170e-03, 5.0061803830926698e-04,
          7.6011254044124651e-04, 3.8867761267743885e-03,
          -1.0230931120316677e-03, 5.7453613762708904e-04,
          1.9052394140168856e-03, 5.2960722531614039e-03,
          3.0749671592012564e-03, 5.2256073601899796e-04,
          -1.0428198542943249e-03, 1.8904008470312561e-03,
          2.9970924269414694e-03, 2.6496890128531580e-03,
          6.4302593197570470e-03, -1.1032877239065573e-02,
          7.0145047624166467e-06, 9.9965122854563671e-01,
          1.4064424718105628e-02, 3.4130343029874443e-03,
          1.9997058985241683e-03, 7.6815393284600485e-03,
          -1.8575076963663066e-03, 1.0267607654865488e-03,
          3.1663171449487115e-03, 7.9996565029477867e-03,
          4.5904748943366280e-03, 7.5432902378610859e-04,
          -1.4952894599326702e-03, 2.7005403917991426e-03,
          4.2525380288961833e-03, 3.6697046286099664e-03,
          8.6935915043124760e-03, -1.4426892774219125e-02,
          -2.1263713873770440e-05, -1.2221620043140497e-02,
          9.9656695452612742e-01, -2.7095117020406366e-02,
          -7.9608046201627893e-03, -2.8369302033286081e-02,
          6.7404218639185833e-03, -3.7143764398371994e-03,
          -1.1301253774288341e-02, -2.8098280387083480e-02,
          -1.6093931179320922e-02, -2.6310227617330185e-03,
          5.2101809398873442e-03, -9.4045226576738548e-03,
          -1.4794395551890155e-02, -1.2721825924611165e-02,
          -3.0035520309254056e-02, 4.9616112689265024e-02,
          -8.4728263940603632e-06, -3.0026033904807826e-03,
          2.4482615967680626e-02, 9.9911327810722583e-01,
          -3.9434136675324345e-03, -1.3088265404844122e-02,
          3.0626513128362790e-03, -1.6832852100658077e-03,
          -5.0641468947065253e-03, -1.2427537212470504e-02,
          -7.1076000734174730e-03, -1.1571783218162518e-03,
          2.2897225005890491e-03, -4.1311957108681081e-03,
          -6.4936806867419514e-03, -5.5685059553711933e-03,
          -1.3111884614825564e-02, 2.1582939173121131e-02,
          -6.8764414562402020e-06, -9.4381351789922063e-04,
          4.0788906566798459e-03, 2.0956663229343918e-03,
          9.9859667103694405e-01, -3.0450236272539101e-02,
          5.9021654771982974e-03, -3.1517367497781025e-03,
          -8.4565446049046922e-03, -1.8464453071670658e-02,
          -1.0430580726457781e-02, -1.6424792933923749e-03,
          3.2295309294754415e-03, -5.8066364415525788e-03,
          -9.0704602252430419e-03, -7.6132389481557358e-03,
          -1.7568940580657860e-02, 2.8174271120070187e-02,
          -2.3041210482940595e-05, -2.3200948663862921e-03,
          9.2915039534480562e-03, 4.4134209013915095e-03,
          1.7941736297227645e-02, 9.6104165189536694e-01,
          1.0663923631200337e-01, -4.6843576908209894e-02,
          -7.5906948787540451e-02, -1.2185504624404470e-01,
          -6.7076100832803534e-02, -9.8947849763739056e-03,
          1.9230055011879431e-02, -3.4357365914851765e-02,
          -5.3070733457746461e-02, -4.2923726152765747e-02,
          -9.5843092250084042e-02, 1.4763772587725454e-01,
          6.7994806829431584e-06, 6.4434254273020117e-04,
          -2.5501287496907058e-03, -1.1978669507876818e-03,
          -4.2918084812870990e-03, -8.2260678935457715e-02,
          9.8968295226618397e-01, 7.1660430747529758e-02,
          3.6987754210735503e-02, 4.6565360659316532e-02,
          2.5245572571872547e-02, 3.5935297481483231e-03,
          -6.9420166712242737e-03, 1.2363157494737535e-02,
          1.8989876297322978e-02, 1.5086012452286530e-02,
          3.3178731341815669e-02, -5.0220460604426816e-02,
          -3.9458133500962025e-06, -3.6851545640906086e-04,
          1.4545333855175112e-03, 6.8151493770461267e-04,
          2.3784172501061314e-03, 4.0565851335474468e-02,
          -6.3253963453155940e-02, 9.9547350371193855e-01,
          -2.5618462035893599e-02, -2.9164144639386907e-02,
          -1.5728865833733605e-02, -2.2124419810537238e-03,
          4.2657089457160922e-03, -7.5890219225495520e-03,
          -1.1635820412095458e-02, -9.1916837748992203e-03,
          -2.0121133513262151e-02, 3.0295287509983414e-02,
          -7.7320339571990689e-06, -6.6958410124858024e-04,
          2.6078219016110711e-03, 1.2070436486619044e-03,
          3.7448572444073792e-03, 4.3780439347951276e-02,
          -2.1253730708095178e-02, 1.4299938091040122e-02,
          9.8687411876045295e-01, -1.0032568006194242e-01,
          -5.1348904234699316e-02, -6.4793230368451089e-03,
          1.2286844946054545e-02, -2.1669921572415454e-02,
          -3.2732713491352212e-02, -2.4710980118687678e-02,
          -5.2192027307154665e-02, 7.5586050213837644e-02,
          4.5657054070643449e-06, 3.5793128414075566e-04,
          -1.3720760767546504e-03, -6.2615692656198187e-04,
          -1.7241118282908081e-03, -1.5705396938407629e-02,
          5.7266928220033380e-03, -3.4783729401745866e-03,
          -1.8976018289699335e-02, -6.8468642815732939e-01,
          7.1838958805664843e-01, 1.3246531257326971e-02,
          -2.2378370112916188e-02, 3.7358449639058718e-02,
          5.1737760047258177e-02, 3.1373392670086347e-02,
          5.7663707320990555e-02, -7.3523956172857161e-02,
          -1.3413034252946838e-05, -1.0332333644711127e-03,
          3.9504036567308137e-03, 1.7986750577101865e-03,
          4.8647695292809651e-03, 4.2986177126747634e-02,
          -1.5272097403090356e-02, 9.2069195138637198e-03,
          4.7212067488101361e-02, 6.0103735348593290e-01,
          6.5125618200845670e-01, -7.2082026974365027e-02,
          1.0768996006589759e-01, -1.7114091292874484e-01,
          -2.2135297389339312e-01, -1.1739953830292094e-01,
          -2.0233854293319481e-01, 2.4571992307887364e-01,
          -1.2771038730603380e-06, -9.6397044275155813e-05,
          3.6746735587299737e-04, 1.6688166689973893e-04,
          4.4251905151388679e-04, 3.7871356829160892e-03,
          -1.3112360985040436e-03, 7.8482029531055583e-04,
          3.8066705776780333e-03, 3.1298865818876968e-02,
          2.4355381055622780e-02, 9.9528020721763399e-01,
          4.1648445932676741e-02, -4.8044566881753459e-02,
          -4.5728789625534956e-02, -1.6521362208366155e-02,
          -2.5009955744805204e-02, 2.7937790925661714e-02,
          1.5708787232315590e-06, 1.1775644484810330e-04,
          -4.4844558249963116e-04, -2.0348230236601856e-04,
          -5.3608817638770023e-04, -4.5416833792813133e-03,
          1.5601693901027337e-03, -9.3181152078961223e-04,
