%YAML:1.0
---
opencv_eigenfaces:
   threshold: 1.7976931348623157e+308
   num_components: 25
   mean: !!opencv-matrix
      rows: 1
      cols: 25
      dt: d
      data: [ -3.2741809263825415e-13, 4.5474735088646414e-14,
          -7.2759576141834261e-14, 4.8885340220294892e-14,
          -3.7516656448133292e-14, 1.3301360013429075e-13,
          5.6843418860808015e-14, -7.9580786405131228e-14,
          7.5033312896266583e-14, 1.1368683772161604e-14,
          -4.3200998334214092e-14, 4.0358827391173689e-14,
          -4.2064129956997930e-14, 6.8212102632969615e-15,
          1.8189894035458565e-14, 1.9326762412674726e-14,
          -1.6200374375330286e-14, 1.1439738045737614e-14,
          -2.9842794901924207e-15, 8.2600593032111651e-16,
          2.4611424009890471e-14, -2.8315128020039992e-14,
          6.1151084196353620e-15, -3.4194869158454822e-15,
          8.5265128291212019e-16 ]
   eigenvalues: !!opencv-matrix
      rows: 25
      cols: 1
      dt: d
      data: [ 3.8563822266852915e+07, 6.8117183421833045e+05,
          4.8119471928817069e+05, 3.4783194579704321e+05,
          3.1409882144436525e+05, 2.2954755230420240e+05,
          2.0924597766670369e+05, 1.7221671646562169e+05,
          1.5382080605827543e+05, 1.1564552801505498e+05,
          1.0405924266132417e+05, 8.2961942439275110e+04,
          7.6327993414383192e+04, 6.3192070031051648e+04,
          3.9336326898787614e+04, 3.6905809934559707e+04,
          2.5844793092618464e+04, 9.7635474957878341e+03,
          8.8202258648509869e+03, 4.1887126545514366e+03,
          3.3378611496578073e+03, 2.3896899663656959e+03,
          1.9533704227526007e+03, 1.7220583548837169e+03,
          -3.2436196100039062e-12 ]
   eigenvectors: !!opencv-matrix
      rows: 25
      cols: 25
      dt: d
      data: [ 9.9999962810814946e-01, -1.0829897048711409e-05,
          -7.5567762301314495e-07, 3.1600037506940041e-05,
          2.5279811016601986e-05, 7.0249208467758185e-06,
          -1.6072708668191796e-06, 1.3818967226901701e-05,
          3.2502287333248355e-05, 4.7870828404926783e-06,
          6.6704805163729083e-05, 5.5309325512860632e-06,
          1.5790373559998052e-05, 2.8584843138738795e-05,
          -1.8245438312729596e-05, 2.6676667102753988e-05,
          -3.3055326043236738e-04, -3.6031173875813424e-04,
          1.6225706192201174e-05, 2.8760782644346423e-04,
          8.9079176840032152e-05, -1.7783527277588044e-04,
          -1.5938028533660743e-06, 2.7222515537878888e-05,
          -6.0970414133622178e-04, 1.8882934450385319e-07,
          9.9992369317308005e-01, -3.5915333475957173e-05,
          9.0396830625829889e-04, 6.5727207685211482e-04,
          1.4877304208518133e-04, -3.2591255912428971e-05,
          2.6007231851087460e-04, 5.9063225189072660e-04,
          8.1198292587791727e-05, 1.1090589011830405e-03,
          8.8764286505576661e-05, 2.5067826801691026e-04,
          4.4429941499089581e-04, -2.7321911762822758e-04,
          3.9799168650796163e-04, -4.8496960392519729e-03,
          -5.1618150401807651e-03, 2.3212847416015348e-04,
          4.0869171303165351e-03, 1.2642569115474183e-03,
          -2.5204643350166338e-03, -2.2574755194128963e-05,
          3.8545298209963105e-04, -8.6115674300541213e-03,
          9.2408025940083286e-09, 2.5175822028293906e-05,
          9.9999962015819988e-01, 1.1112180603876118e-04,
          7.1012907758833925e-05, 1.3132194127336628e-05,
          -2.7817609944559620e-06, 2.1070985149157221e-05,
          4.6796642263737220e-05, 6.1787600691774635e-06,
          8.3476991403736854e-05, 6.5585308311494680e-06,
          1.8420456126318021e-05, 3.2309112607272382e-05,
          -1.9521286636737462e-05, 2.8387734810936315e-05,
          -3.4330922719920414e-04, -3.6160180700656403e-04,
          1.6251680220162627e-05, 2.8530548310302885e-04,
          8.8210690179178129e-05, -1.7575703946474985e-04,
          -1.5737608031899944e-06, 2.6867388099255521e-05,
          -5.9962361714702367e-04, -2.7634553299279795e-07,
          -4.5265150408812073e-04, -7.9204159007554854e-05,
          9.9929143354172167e-01, -1.0697429646043604e-02,
          -8.4159739628126412e-04, 1.6434251815853484e-04,
          -1.1153667713483550e-03, -2.3751715767999079e-03,
          -2.9248873446182858e-04, -3.8827396737456405e-03,
          -2.9641946311115736e-04, -8.2568497887968220e-04,
          -1.4261115686159309e-03, 8.4030153399556663e-04,
          -1.2190645157150405e-03, 1.4590108945075319e-02,
          1.5152422176157100e-02, -6.8046556803956439e-04,
          -1.1900210314842742e-02, -3.6767521192470841e-03,
          7.3201757209013047e-03, 6.5523065446141063e-05,
          -1.1184066708511684e-03, 2.4925954886797479e-02,
          -2.0332921252786369e-07, -3.0289798197501405e-04,
          -4.6634869187575858e-05, 9.6339829507970046e-03,
          9.9951782387067567e-01, -8.6646841287009544e-04,
          1.5984850107465115e-04, -1.0159738412335612e-03,
          -2.1158761582732166e-03, -2.5185894388987212e-04,
          -3.3166517164422999e-03, -2.5001242850152585e-04,
          -6.9394876952740350e-04, -1.1908035675074549e-03,
          6.9445331824734443e-04, -1.0065126990875554e-03,
          1.1996233364707738e-02, 1.2389827080670084e-02,
          -5.5623184103650305e-04, -9.7131509094130607e-03,
          -3.0002227130751956e-03, 5.9714760816718445e-03,
          5.3443551334342719e-05, -9.1215698465192500e-04,
          2.0318436418564550e-02, -4.0551801258255506e-08,
          -4.9241845765873879e-05, -6.1987938168981957e-06,
          5.5336621000598744e-04, 6.1982341435773761e-04,
          9.9996603006343843e-01, 1.6472135493048273e-04,
          -5.0175897989733519e-04, -8.9382736660862533e-04,
          -8.7605602594153313e-05, -1.1083372914993371e-03,
          -7.8714731128304565e-05, -2.1503055724185903e-04,
          -3.5864568734015066e-04, 2.0033153041522603e-04,
          -2.8922731177679663e-04, 3.3902017471003701e-03,
          3.4264330245737541e-03, -1.5364482085845538e-04,
          -2.6677682560836444e-03, -8.2318313428735707e-04,
          1.6365608950951274e-03, 1.4639300945082443e-05,
          -2.4979020723143287e-04, 5.5528397252611900e-03,
          8.4083001536061456e-09, 9.7764037885351561e-06,
          1.1900471164999699e-06, -9.7994148602002242e-05,
          -1.0370695858015555e-04, -1.4916708151495282e-04,
          9.9999820286423668e-01, 1.6112532519628543e-04,
          2.5330601141111404e-04, 2.2113670582939105e-05,
          2.7428021029398157e-04, 1.8953347786813162e-05,
          5.1418502359573097e-05, 8.4738621492329281e-05,
          -4.6522574646463876e-05, 6.7065616136229665e-05,
          -7.8112175222071190e-04, -7.8313067942466599e-04,
          3.5101136699867620e-05, 6.0820329511154520e-04,
          1.8760116690255292e-04, -3.7281438165500834e-04,
          -3.3342577994438790e-06, 5.6886745247835208e-05,
          -1.2636662930618691e-03, -5.8368273271710661e-08,
          -6.2983506598689136e-05, -7.2770380878789421e-06,
          5.3721117322754212e-04, 5.3238354469445587e-04,
          3.6677815471811842e-04, -1.2994280068190890e-04,
          9.9985830751089511e-01, -5.3148857357820682e-03,
          -2.5441741149336564e-04, -2.9430086094123721e-03,
          -1.8641913717240403e-04, -4.9546086412628418e-04,
          -7.8908026029835974e-04, 4.1346886665229670e-04,
          -5.9370832001737791e-04, 6.8025641063788975e-03,
          6.6835654682607408e-03, -2.9924634253740645e-04,
          -5.1586507905712646e-03, -1.5897435045425306e-03,
          3.1560750633404153e-03, 2.8213326927359044e-05,
          -4.8123898923184037e-04, 1.0671009476758475e-02,
          -1.2305062616007986e-07, -1.2817083468581308e-04,
          -1.4479054175159918e-05, 1.0248002786452100e-03,
          9.9303477153112984e-04, 5.8451272300536427e-04,
          -1.8263442259263793e-04, 4.7005676400203190e-03,
          9.9925560243097344e-01, -7.9892715828761463e-04,
