%YAML:1.0
---
opencv_eigenfaces:
   threshold: 1.7976931348623157e+308
   num_components: 28
   mean: !!opencv-matrix
      rows: 1
      cols: 28
      dt: d
      data: [ -6.0903663065151443e-14, 5.6843418860808015e-14,
          2.9944301007032794e-14, 1.1165671561944431e-14,
          -4.6692808349949439e-14, 1.7509803131231038e-14,
          -5.8366010437436796e-14, 1.0911906299172966e-14,
          -1.0150610510858574e-15, -9.6430799853156443e-15,
          2.4107699963289113e-14, 1.4210854715202004e-14,
          -1.2688263138573216e-15, 7.1054273576010019e-15,
          -1.5733446291830788e-14, 1.1419436824715895e-15,
          -3.8952967835419775e-14, -2.3346404174974719e-14,
          -2.9436770481489861e-14, -1.8017333656773968e-14,
          -8.1204884086868588e-15, 1.5733446291830788e-14,
          -9.1355494597727158e-15, 1.4210854715202004e-14,
          3.2608836266133170e-14, 1.2180732613030288e-14,
          -1.3195793664116145e-14, 1.8271098919545432e-14 ]
   eigenvalues: !!opencv-matrix
      rows: 28
      cols: 1
      dt: d
      data: [ 8.3041057887768163e+05, 5.1398713899926713e+05,
          1.5520785807022182e+05, 1.3588650023596658e+05,
          9.5291535252045680e+04, 8.2917778533431177e+04,
          6.2892434861285867e+04, 5.2331269197650516e+04,
          4.9880031027239944e+04, 3.5498389027222773e+04,
          3.3129084412828117e+04, 3.2192524408687150e+04,
          2.5792555977729968e+04, 2.2098734105071693e+04,
          2.1368407129545918e+04, 1.7646888718214232e+04,
          1.6863909181850708e+04, 1.5929165796815976e+04,
          1.4191767838581436e+04, 1.2963792383481474e+04,
          1.0534358970399084e+04, 8.5068121090089389e+03,
          6.8550210499407995e+03, 6.0796120403074474e+03,
          5.3062186719231649e+03, 4.5881291300955208e+03,
          3.0924196960381119e+03, -1.3170216455374369e-11 ]
   eigenvectors: !!opencv-matrix
      rows: 28
      cols: 28
      dt: d
      data: [ 9.5417586149599853e-01, 3.1520191281590122e-02,
          9.8773467293953310e-03, -4.6262579970875572e-02,
          -3.2548438471512398e-02, 4.9940424297576294e-02,
          1.0277745350892402e-01, 5.2759107976202015e-02,
          3.5607206166785622e-02, -1.2348162106581871e-02,
          9.0718792473809012e-02, 6.5892858122497599e-03,
          -6.2786991813751358e-02, 2.5498080010083239e-02,
          -2.9628414226192178e-02, -5.6710136340584708e-02,
          2.8493729889561184e-02, 4.5900192394574815e-03,
          4.2219385952073911e-02, 3.5917708465846814e-04,
          6.2554402343512261e-03, -1.0976592873507352e-02,
          9.4185088150026946e-03, -3.7745875627570792e-02,
          5.3697217011785007e-03, 2.3864048417128924e-02,
          1.1818945596836465e-02, -2.1450028895917886e-01,
          -2.0058768059107293e-02, 9.9893696915347718e-01,
          -1.5446096657155816e-03, 7.0839117637016124e-03,
          4.7932609779205576e-03, -7.2762956484059491e-03,
          -1.4732894680488577e-02, -7.5017877302329368e-03,
          -5.0536662569830963e-03, 1.7342923725391663e-03,
          -1.2720073358477430e-02, -9.2330399968735568e-04,
          8.7588336446889556e-03, -3.5480470790362913e-03,
          4.1207425682928105e-03, 7.8675829131283175e-03,
          -3.9509641843646168e-03, -6.3606025623140169e-04,
          -5.8438088034620285e-03, -4.9675391151677171e-05,
          -8.6377284838595324e-04, 1.5136894687638139e-03,
          -1.2974417476831423e-03, 5.1970692777259537e-03,
          -7.3896722457010111e-04, -3.2825989486917925e-03,
          -1.6241943942338301e-03, 2.9419597724725764e-02,
          -1.5247874567532486e-03, 3.2269026884992040e-04,
          9.9941395943849110e-01, 2.2500069353675822e-02,
          5.4204689229958979e-03, -7.0200693043416694e-03,
          -1.1645533284206800e-02, -5.4452385430459813e-03,
          -3.6018592838384733e-03, 1.1212085411534710e-03,
          -8.1037140124537079e-03, -5.8487625964948986e-04,
          5.3439577299921898e-03, -2.1205767169300122e-03,
          2.4530559709528893e-03, 4.5912153828536048e-03,
          -2.2961932702232207e-03, -3.6786987213944492e-04,
          -3.3498012032440734e-03, -2.8298519966740545e-05,
          -4.8614556839435573e-04, 8.4353600551111954e-04,
          -7.1731179030693338e-04, 2.8627120051012631e-03,
          -4.0556292100857159e-04, -1.7955094120228898e-03,
          -8.8224458596467274e-04, 1.5756752768422661e-02,
          6.5423597951628828e-03, -1.3484237398265105e-03,
          -1.8636766933607250e-02, 9.8973312440682626e-01,
          -3.7118994115354013e-02, 4.3949162341847613e-02,
          6.6883573948760641e-02, 3.0344815269715990e-02,
          1.9951655416497058e-02, -6.0282019732753687e-03,
          4.3388620714560372e-02, 3.1265230502774679e-03,
          -2.8275679467736157e-02, 1.1159643384561021e-02,
          -1.2896007061255137e-02, -2.4014342441003530e-02,
          1.1997868171918851e-02, 1.9198307668423450e-03,
          1.7443297671297493e-02, 1.4713321663001368e-04,
          2.5202205581151913e-03, -4.3626162256154297e-03,
          3.7028466314267213e-03, -1.4764858204188417e-02,
          2.0899644805979617e-03, 9.2454405233177370e-03,
          4.5355542826282557e-03, -8.0743933712651803e-02,
          2.7376697487471735e-03, -5.4022595645019050e-04,
          -2.8918813133886338e-03, 2.0528303854168078e-02,
          9.9116790728567150e-01, 8.4500886853671561e-02,
          6.6154569805457600e-02, 2.5871563060797319e-02,
          1.6562067976130832e-02, -4.4353487136064565e-03,
          3.1433131981456641e-02, 2.2517884389371186e-03,
          -1.9633744663566297e-02, 7.6055572812555221e-03,
          -8.7581546757187524e-03, -1.6033887369563501e-02,
          7.9834857725184644e-03, 1.2723807690834294e-03,
          1.1477537560992023e-02, 9.6334790110423285e-05,
          1.6346222054546683e-03, -2.8083978603653365e-03,
          2.3696269542166251e-03, -9.4231539558723640e-03,
          1.3302980992671207e-03, 5.8705468007189182e-03,
          2.8656333288476520e-03, -5.0514699106160882e-02,
          -3.6750216471109925e-03, 7.1573253919858797e-04,
          3.2476511899063062e-03, -2.1278343962314272e-02,
          -6.2993741248984145e-02, 9.7756323922431299e-01,
          -1.5400948893708444e-01, -5.1230937115697719e-02,
          -3.2008877877724669e-02, 7.7872729883701631e-03,
          -5.4588929048397385e-02, -3.8947803180725740e-03,
          3.3140257062317172e-02, -1.2685582257056332e-02,
          1.4575975166641667e-02, 2.6406501630009883e-02,
          -1.3121026018229329e-02, -2.0861590308770780e-03,
          -1.8737327313093802e-02, -1.5680936975193536e-04,
          -2.6461405679300810e-03, 4.5265714181467499e-03,
          -3.8064949553206196e-03, 1.5113815469760518e-02,
          -2.1304611536426049e-03, -9.3887469121627046e-03,
          -4.5702681896290474e-03, 8.0125743384142703e-02,
          -5.1562727445196108e-03, 9.8240900084632047e-04,
          3.5654123467811069e-03, -2.1515050846948339e-02,
          -3.3724944842087143e-02, 7.8995227805819149e-02,
          8.6731533468133504e-01, -3.7501948748084502e-01,
          -1.7827172927415233e-01, 2.2946293697213311e-02,
          -1.5308728049318024e-01, -1.0731290165052025e-02,
          8.2723011977469743e-02, -3.0299620652160835e-02,
          3.4541991320772167e-02, 6.0336194788252293e-02,
          -2.9771474185949186e-02, -4.6954647080948413e-03,
          -4.1577502455133329e-02, -3.4466145831200452e-04,
          -5.7146294182866516e-03, 9.6437480916917954e-03,
          -8.0257833357827765e-03, 3.1717626796340583e-02,
          -4.4506178379760111e-03, -1.9532573181557236e-02,
          -9.4293783810790715e-03, 1.6268745867955925e-01,
          -2.3764325741593385e-03, 4.4993905480672058e-04,
          1.5456544807769276e-03, -9.1723104235415295e-03,
          -1.3178083905866701e-02, 2.8588577213734000e-02,
          1.6281899733762126e-01, 7.7192163837553074e-01,
