%YAML:1.0
---
opencv_eigenfaces:
   threshold: 1.7976931348623157e+308
   num_components: 32
   mean: !!opencv-matrix
      rows: 1
      cols: 32
      dt: d
      data: [ -2.1316282072803006e-14, 7.3274719625260332e-15,
          2.1316282072803006e-14, -4.4408920985006262e-16,
          -8.8817841970012523e-16, 7.1054273576010019e-15,
          -7.4940054162198066e-15, -9.3258734068513149e-15,
          -1.8651746813702630e-14, 1.7763568394002505e-15,
          -8.8817841970012523e-16, 5.3290705182007514e-15,
          1.3544720900426910e-14, 1.7763568394002505e-15,
          -1.1268763699945339e-14, -8.8817841970012523e-16,
          -6.4392935428259079e-15, -6.2172489379008766e-15,
          -5.3290705182007514e-15, 0., 6.8833827526759706e-15, 0., 0.,
          -2.6645352591003757e-15, 0., -3.2196467714129540e-15,
          -9.3258734068513149e-15, 2.4980018054066022e-16,
          -1.1102230246251565e-15, 6.6058269965196814e-15,
          -8.1601392309949006e-15, -1.0658141036401503e-14 ]
   eigenvalues: !!opencv-matrix
      rows: 32
      cols: 1
      dt: d
      data: [ 9.4439535917999060e+05, 5.6875741703191947e+05,
          1.6747497600518813e+05, 1.2186727381683273e+05,
          9.1972120157473240e+04, 7.7428240564471897e+04,
          6.8295791848361201e+04, 5.1281390240907647e+04,
          4.4143294640023552e+04, 3.8580102275049525e+04,
          3.2281468251040802e+04, 3.0717705312895752e+04,
          2.5242269933948803e+04, 2.3613532065246993e+04,
          2.1635326256780143e+04, 1.7878418924490939e+04,
          1.6995409886463232e+04, 1.6677416744869588e+04,
          1.4811738035363596e+04, 1.3266730175331686e+04,
          1.2936979641388840e+04, 1.1657878358812868e+04,
          1.1421061776540031e+04, 9.9661504148819640e+03,
          8.0271672725851267e+03, 7.2274195096944331e+03,
          7.0857137485091189e+03, 5.3970807801440233e+03,
          5.2716778600335410e+03, 4.3504629834569714e+03,
          3.1062905554273389e+03, 3.7788781733879965e-11 ]
   eigenvectors: !!opencv-matrix
      rows: 32
      cols: 32
      dt: d
      data: [ 8.7921936747196006e-01, -2.8361564646985327e-01,
          -2.5009767765912960e-02, -3.9281391432370978e-02,
          7.9650553213997541e-02, 5.4636096451802001e-02,
          6.1666548913505939e-02, -8.1577627568659661e-02,
          -2.3208566410135367e-02, -5.6664247596632057e-02,
          2.1106245784121149e-02, 1.9629585405615612e-02,
          2.6338573695842471e-02, 4.7470853943752375e-02,
          -5.0396494162693005e-02, 7.2966057282255400e-02,
          2.9012562927604470e-03, -1.0699951729803679e-02,
          -1.4379860894114832e-02, 2.2136159678583178e-02,
          -1.8028019147391820e-02, -2.0565722974071280e-03,
          1.2415018606176487e-02, 9.0273658026176103e-03,
          2.0261568701588159e-04, -1.0065429997856080e-01,
          2.3567625599295535e-02, 5.8568545098694559e-02,
          -3.5847430940456643e-02, -1.0800979700963021e-02,
          2.7963377756339388e-02, 3.0249528162836425e-01,
          1.8096008941486597e-01, 9.4207177415874721e-01,
          -2.0824605654445751e-02, -3.1289537443131905e-02,
          6.1880081757562898e-02, 4.1974591292229455e-02,
          4.7058239937788196e-02, -6.1512034359738732e-02,
          -1.7415918378875874e-02, -4.2365500955931147e-02,
          1.5716076066027755e-02, 1.4601938765713330e-02,
          1.9524975505081144e-02, 3.5154744450607317e-02,
          -3.7275574116064587e-02, 5.3844614966238102e-02,
          2.1398021002555245e-03, -7.8901501789619011e-03,
          -1.0591724406187499e-02, 1.6289565768075033e-02,
          -1.3263835041871586e-02, -1.5119306049296284e-03,
          9.1258580116849487e-03, 6.6299506028222434e-03,
          1.4863548213961896e-04, -7.3803423283297337e-02,
          1.7279202312494465e-02, 4.2898372222446329e-02,
          -2.6254422100196999e-02, -7.9062993449714059e-03,
          2.0454287015701414e-02, 2.2086723470206007e-01,
          5.2793167545846335e-03, 4.1448842617691677e-03,
          9.9827133465132456e-01, -1.6005346686037928e-02,
          2.0420250869688652e-02, 1.1982768923005743e-02,
          1.2433911151630108e-02, -1.4367457485218175e-02,
          -3.8879115273730796e-03, -9.1501987820128226e-03,
          3.2766369610670396e-03, 3.0187544879362802e-03,
          3.9226331845371590e-03, 7.0047285365823350e-03,
          -7.3544988936405549e-03, 1.0431511482616333e-02,
          4.1281302668137981e-04, -1.5198864631225427e-03,
          -2.0225145398625648e-03, 3.0883899747171728e-03,
          -2.5109312447133751e-03, -2.8455518204164757e-04,
          1.7157053239793612e-03, 1.2383361014394797e-03,
          2.7524376089541924e-05, -1.3619114875477352e-02,
          3.1865982387369787e-03, 7.8535408572512500e-03,
          -4.8038872799173972e-03, -1.4409512725302833e-03,
          3.7082166378812529e-03, 3.9525699507322425e-02,
          5.5157433601773142e-03, 4.1155710334553047e-03,
          1.0213750800098332e-02, 9.9447579860921875e-01,
          5.8315323692885869e-02, 2.7233705074892693e-02,
          2.5749523086015955e-02, -2.6375559791054194e-02,
          -6.8742761759093300e-03, -1.5770343006214754e-02,
          5.5038660888045727e-03, 5.0407457617345384e-03,
          6.4238048401037123e-03, 1.1408951871842623e-02,
          -1.1902234731595011e-02, 1.6687575941174863e-02,
          6.5866102618453593e-04, -2.4227806270916449e-03,
          -3.2066850090577757e-03, 4.8754254473520201e-03,
          -3.9602169897300582e-03, -4.4723210345960182e-04,
          2.6948307393938153e-03, 1.9375082449359588e-03,
          4.2848555001734370e-05, -2.1158476452972658e-02,
          4.9488858625640550e-03, 1.2145604919507585e-02,
          -7.4269864928721606e-03, -2.2227656004235674e-03,
          5.7031243618851386e-03, 6.0351826767952574e-02,
          -7.9617018279294245e-03, -5.7613157696207798e-03,
          -9.0955165677671992e-03, -3.6884298336541922e-02,
          9.6860194188666471e-01, -1.4946338471357465e-01,
          -9.6756009924065897e-02, 7.2481812217470729e-02,
          1.7535142167978173e-02, 3.8409878085046721e-02,
          -1.2836154323184927e-02, -1.1644046398995042e-02,
          -1.4393946280990657e-02, -2.5354601118506643e-02,
          2.6199337616919290e-02, -3.6116936808007170e-02,
          -1.4201930373973354e-03, 5.2169891730891810e-03,
          6.8524611190881757e-03, -1.0355287269202712e-02,
          8.4007260907385025e-03, 9.4412247241701559e-04,
          -5.6838692152810875e-03, -4.0648774983194002e-03,
          -8.9284017016523303e-05, 4.3967681762668943e-02,
          -1.0278935085408889e-02, -2.5085463656309096e-02,
          1.5333382062888127e-02, 4.5753864931407841e-03,
          -1.1693405199956184e-02, -1.2258566228308015e-01,
          -5.2025785512519020e-03, -3.7206186023340487e-03,
          -5.1660588940794531e-03, -1.7430526458376526e-02,
          1.0703574967180930e-01, 9.6893321174816560e-01,
          -1.7078982386353064e-01, 7.3438265959910765e-02,
          1.6401445880835648e-02, 3.4382770976370096e-02,
          -1.1063949568752994e-02, -9.9569967408326392e-03,
          -1.2012153565602448e-02, -2.1024835367353382e-02,
          2.1567915039301673e-02, -2.9360745697957637e-02,
          -1.1513605459688185e-03, 4.2253475361909397e-03,
          5.5194594329477306e-03, -8.3047951336348031e-03,
          6.7312009191356466e-03, 7.5391402697846173e-04,
          -4.5359579393367171e-03, -3.2319245304635977e-03,
          -7.0654280415939917e-05, 3.4728344015164593e-02,
          -8.1162639747833117e-03, -1.9732082464872885e-02,
          1.2057813869090460e-02, 3.5907691808942316e-03,
          -9.1528565256530515e-03, -9.5356459890962988e-02,
          -6.0584671578047464e-03, -4.2970006549637079e-03,
          -5.5053165854431225e-03, -1.6967634392548982e-02,
          7.8433027948139888e-02, 1.2904209766988961e-01,
          9.6367245387979228e-01, 1.4028412883548688e-01,
