%YAML:1.0
---
opencv_eigenfaces:
   threshold: 1.7976931348623157e+308
   num_components: 24
   mean: !!opencv-matrix
      rows: 1
      cols: 24
      dt: d
      data: [ 1.2126596023639042e-12, -3.7895612573872008e-14,
          5.2106467289074012e-14, -5.6843418860808015e-14,
          5.6843418860808015e-14, -1.8947806286936004e-14,
          -9.5923269327613525e-14, 2.2500519965736505e-14,
          -8.8817841970012523e-15, -6.8685797790143014e-14,
          1.7319479184152442e-14, -1.0066022089934752e-14,
          2.0132044179869503e-14, 2.6941412064237131e-14,
          1.6338782179066886e-14, -1.2267964422107980e-14,
          -3.6563344944321820e-14, -1.4995412319270446e-13,
          -3.6267285471088443e-14, 2.1982415887578100e-14,
          -2.2574534834044848e-15, 2.5044781063835821e-14,
          2.5276077527299396e-14, 1.1842378929335002e-14 ]
   eigenvalues: !!opencv-matrix
      rows: 24
      cols: 1
      dt: d
      data: [ 4.0351132780367807e+07, 8.1179657801526121e+05,
          4.7592280460023583e+05, 3.8101304298432881e+05,
          3.3704564309318730e+05, 2.2129750498410242e+05,
          1.9639592865876088e+05, 1.6375915010713541e+05,
          1.3586659988228590e+05, 1.2356287393842947e+05,
          1.1828916667319239e+05, 1.0087334127022669e+05,
          8.4680578962094150e+04, 7.6290203170795343e+04,
          6.1081522264390595e+04, 4.6213508351065342e+04,
          2.7365542908488940e+04, 1.4821649774655647e+04,
          9.9464507742171299e+03, 7.6320285752583541e+03,
          5.9554486222369560e+03, 4.0236973947310598e+03,
          1.9595328837241864e+03, 4.8735431292878975e-12 ]
   eigenvectors: !!opencv-matrix
      rows: 24
      cols: 24
      dt: d
      data: [ 9.9955750428344592e-01, -9.2133657651648400e-04,
          -1.4022873984333981e-03, 1.2857137649449461e-03,
          1.3928630966481806e-03, -2.5716768687906264e-03,
          -2.4096958245114356e-03, -3.8326919764793878e-03,
          -3.7500291680529229e-03, 4.2131004404212672e-03,
          6.7515117762338879e-04, -4.7386875616040732e-03,
          2.3951065128238174e-03, 3.2751935221780929e-03,
          4.4024729422733810e-03, -3.9245312915504515e-03,
          -5.8729675000335629e-03, 8.6338612822859720e-03,
          2.7182092884640830e-03, 8.7438816358143268e-03,
          -9.4704539284005268e-03, 4.5026604292240559e-03,
          -4.2698142264395645e-04, 2.1030484692243875e-02,
          1.7913754717136859e-05, 9.9953413960409798e-01,
          -3.3104154444795306e-03, 2.3710119527320969e-03,
          2.3329284182760485e-03, -3.4720160221654336e-03,
          -3.1234669653892482e-03, -4.7213249582965244e-03,
          -4.4317430540947739e-03, 4.8913885704899521e-03,
          7.7798230495379462e-04, -5.3288338357561230e-03,
          2.6344073725357788e-03, 3.5620331792695034e-03,
          4.6927180306681072e-03, -4.1034638420579753e-03,
          -5.9958577790776056e-03, 8.6783625983555771e-03,
          2.7159214796391570e-03, 8.7118557406668726e-03,
          -9.4165094337074588e-03, 4.4665107771379338e-03,
          -4.2249448627756128e-04, 2.0760219598689220e-02,
          1.5490484383932669e-05, 1.8713485143328427e-03,
          9.9885010537565733e-01, 9.4659058302478775e-03,
          6.9930848896907240e-03, -7.0400725647439448e-03,
          -6.0106697881504240e-03, -8.5644816571842398e-03,
          -7.6958069735045438e-03, 8.3459383157727229e-03,
          1.3178375263461881e-03, -8.8227115649972977e-03,
          4.2760222922451586e-03, 5.7253869068126170e-03,
          7.4159866646630861e-03, -6.3839939812426749e-03,
          -9.1554801001208531e-03, 1.3096640436272938e-02,
          4.0804966841528614e-03, 1.3061803575281462e-02,
          -1.4097186239011076e-02, 6.6752343099004963e-03,
          -6.3027359528905827e-04, 3.0916835566326684e-02,
          -1.1204166093877751e-05, -1.0592919588266871e-03,
          -7.3411885662822470e-03, 9.9890378926792744e-01,
          -1.6139679338449262e-02, 8.1391339436489504e-03,
          6.5982879875886033e-03, 8.9207564665783074e-03,
          7.7380006828840098e-03, -8.2795461258520064e-03,
          -1.3002727381380373e-03, 8.5612665790061604e-03,
          -4.0918550994574528e-03, -5.4421570507664566e-03,
          -6.9694590760745034e-03, 5.9385955849751313e-03,
          8.4163991737934950e-03, -1.1952100974601854e-02,
          -3.7138196973345843e-03, -1.1873043653284074e-02,
          1.2802581819390155e-02, -6.0559436206845969e-03,
          5.7117388598707289e-04, -2.7988951206348815e-02,
          -1.0841503851942553e-05, -9.3116570076356661e-04,
          -4.8692477844428650e-03, 1.3988476296645987e-02,
          9.9870053143218862e-01, 1.0899152514883279e-02,
          8.4009891391164174e-03, 1.0844343747821190e-02,
          9.1407335528242272e-03, -9.6786868944764171e-03,
          -1.5137047766291608e-03, 9.8428013669678675e-03,
          -4.6567165090277878e-03, -6.1636887828508229e-03,
          -7.8303809726735039e-03, 6.6250613941515298e-03,
          9.3138716004122941e-03, -1.3162283246695184e-02,
          -4.0825014082842880e-03, -1.3040800353627485e-02,
          1.4053339050133574e-02, -6.6430424939415023e-03,
          6.2609469067403153e-04, -3.0659426043822678e-02,
          1.1685378347589926e-05, 8.0855061268470853e-04,
          2.8694789872300299e-03, -4.1910799087496583e-03,
          -6.2518312887203447e-03, 9.9451512297436895e-01,
          -5.4001848472881496e-02, -3.6019338921253190e-02,
          -2.3565852384241685e-02, 2.3102776428300539e-02,
          3.5106058419863452e-03, -2.1044783319271475e-02,
          9.3671227137284430e-03, 1.2063417276971210e-02,
          1.4668549321447824e-02, -1.1961390244441514e-02,
          -1.6155509500193916e-02, 2.2304716587137782e-02,
          6.8600194920003564e-03, 2.1827861513568692e-02,
          -2.3457383503971131e-02, 1.1053394307508665e-02,
          -1.0383061639968575e-03, 5.0687410053984423e-02,
          1.0092700360701736e-05, 6.7084441917459291e-04,
          2.2621284443392672e-03, -3.1414566029306880e-03,
          -4.4637410470067121e-03, 4.5051881296483992e-02,
          9.9389531787724372e-01, -5.5458327232463876e-02,
          -2.8812530388819646e-02, 2.6826030035159414e-02,
          4.0049848235030119e-03, -2.2934723339726744e-02,
          9.8990162850791843e-03, 1.2584640537789370e-02,
          1.5004833892861511e-02, -1.2046299701736348e-02,
          -1.6011134600692676e-02, 2.1908759907002813e-02,
          6.7169446371322357e-03, 2.1341677868134470e-02,
          -2.2911330246808845e-02, 1.0783529846610213e-02,
          -1.0117218850382301e-03, 4.9333606480316199e-02,
          1.2995714215949281e-05, 8.1957290023927654e-04,
          2.6017227392907401e-03, -3.4248293091677295e-03,
          -4.6444853241731730e-03, 2.5239243287516276e-02,
          4.0537550823032835e-02, 9.8551632141031287e-01,
          -8.6171259661420224e-02, 6.5411325119683575e-02,
          9.2032758340239440e-03, -4.6050789546800086e-02,
          1.8375099066572469e-02, 2.2656799288969770e-02,
          2.5850981540006066e-02, -2.0079290652020111e-02,
          -2.5837166354491618e-02, 3.4745155814755700e-02,
          1.0588194368759572e-02, 3.3549412291907756e-02,
          -3.5946953837296493e-02, 1.6881846853744976e-02,
          -1.5802483505604678e-03, 7.6892535241042947e-02,
          9.7889093499586350e-06, 5.9285677381903002e-04,
          1.8043361468952784e-03, -2.2958547078097773e-03,
          -3.0295183707301230e-03, 1.3061205711385027e-02,
          1.7145993083881008e-02, 5.7387756956926522e-02,
          9.7452658212800614e-01, 1.7637787291119802e-01,
          1.8875060902368158e-02, -6.3192092022485172e-02,
          2.1495612530818508e-02, 2.5137677375661398e-02,
          2.6767722486980863e-02, -1.9835075129302212e-02,
          -2.4455506498807504e-02, 3.2183109484271159e-02,
          9.7357500852721119e-03, 3.0746674976780929e-02,
