%YAML:1.0
---
opencv_eigenfaces:
   threshold: 1.7976931348623157e+308
   num_components: 28
   mean: !!opencv-matrix
      rows: 1
      cols: 28
      dt: d
      data: [ -8.9325372495555450e-14, 1.2180732613030288e-14,
          5.2275644130921654e-14, 0., -2.3346404174974719e-14,
          -5.4813296758636295e-14, -2.0301221021717147e-15,
          3.9587380992348437e-14, 1.0150610510858573e-14,
          -2.8421709430404007e-14, 2.1316282072803006e-14,
          -6.0903663065151441e-15, 0., -1.3195793664116145e-14,
          1.0404375773630038e-14, -2.1316282072803006e-14,
          5.0753052554292864e-15, 5.5828357809722156e-15,
          -6.5978968320580726e-15, -1.3195793664116145e-14,
          1.9539925233402755e-14, 9.5161973539299129e-16,
          1.4464619977973467e-14, -2.5630291539917897e-14,
          2.5455827921762517e-14, 2.0745310231567208e-14,
          9.1355494597727158e-15, 1.9793690496174219e-14 ]
   eigenvalues: !!opencv-matrix
      rows: 28
      cols: 1
      dt: d
      data: [ 7.4968654144400719e+05, 5.1554058256543806e+05,
          1.5510965400625300e+05, 1.4480996814944677e+05,
          8.9900000513478473e+04, 8.4999056344412704e+04,
          5.8576135146671957e+04, 5.3260095412464376e+04,
          4.6868147716101477e+04, 4.0582054442523644e+04,
          3.2619450185880265e+04, 2.8742577556319968e+04,
          2.4752579746661690e+04, 2.3827584792265083e+04,
          2.2443304478562499e+04, 1.8450024557378554e+04,
          1.7392861861386111e+04, 1.5849285002183686e+04,
          1.4486086030992523e+04, 1.3525974082756386e+04,
          1.3045267584852594e+04, 9.5826514920712925e+03,
          8.1999370850623236e+03, 7.4876894849500068e+03,
          5.5776638291720255e+03, 5.1961732158632176e+03,
          3.6411073775576519e+03, -4.4941902708501011e-12 ]
   eigenvectors: !!opencv-matrix
      rows: 28
      cols: 28
      dt: d
      data: [ 9.8670349150750214e-01, 4.3960190367485656e-02,
          2.0492394095267208e-02, 5.3738572425034777e-02,
          5.7476499138528741e-03, -1.0305503406277268e-02,
          -3.6127442198974905e-04, -8.0760929785152081e-03,
          1.9039672345369081e-02, 6.5862967666902819e-02,
          -1.5444999406937172e-02, -3.7634295407853596e-02,
          -1.3919654836725135e-03, -9.9700476284599795e-03,
          2.0326324702852602e-02, -1.1255650577045574e-02,
          2.0228361094344859e-02, -2.0650046665694248e-02,
          -1.8227547904129917e-02, -1.7476462607632859e-02,
          8.2211414900007461e-03, -1.3628585508215026e-03,
          -6.0898541954822272e-03, 1.1712029902951003e-02,
          2.2318957223152566e-02, 9.0064838456972007e-03,
          -1.8982543295265766e-03, 1.0805091530114687e-01,
          -2.9840977626610535e-02, 9.9535478770193297e-01,
          -1.3227415946436697e-02, -3.4315710444839304e-02,
          -3.4912142445938741e-03, 6.2350897085533792e-03,
          2.1424546892224682e-04, 4.7711951904531105e-03,
          -1.1198118551443545e-02, -3.8571091485234493e-02,
          8.9971594343969449e-03, 2.1867702347590365e-02,
          8.0673899918655401e-04, 5.7749147910007232e-03,
          -1.1763194241361723e-02, 6.4974864629449734e-03,
          -1.1669412291492338e-02, 1.1901257908824490e-02,
          1.0496248566325386e-02, 1.0057792060650470e-02,
          -4.7299114986022643e-03, 7.8244563526658857e-04,
          3.4933885335876242e-03, -6.7156126877520395e-03,
          -1.2782899061944830e-02, -5.1571723849806669e-03,
          1.0859458709273036e-03, -6.1680474865943968e-02,
          -1.8906972914349842e-03, 1.6647158414706121e-03,
          9.7664493008166375e-01, -2.0934576563597240e-01,
          -3.6225020176857401e-03, 6.0821792335530736e-03,
          1.6069958411579598e-04, 3.4303089710075851e-03,
          -7.6777737913870841e-03, -2.5322085385653195e-02,
          5.6135840863137873e-03, 1.3329740071959063e-02,
          4.8055477288759616e-04, 3.4220841168768590e-03,
          -6.9170172688125132e-03, 3.7386597286856995e-03,
          -6.6770380777158170e-03, 6.7548259287888391e-03,
          5.9155321004630826e-03, 5.6406468854191269e-03,
          -2.6461721909304846e-03, 4.3023923168760743e-04,
          1.9079562108770575e-03, -3.6551869725798504e-03,
          -6.8941896336780903e-03, -2.7763899231689126e-03,
          5.8036816194744433e-04, -3.2417246809069024e-02,
          -9.8343528636626095e-03, 8.4712822011889372e-03,
          1.8448976312865017e-01, 9.3241287767388736e-01,
          -2.8980466023703678e-02, 4.7043971835036620e-02,
          1.1094385362310838e-03, 2.3336177106958182e-02,
          -5.1426403200490807e-02, -1.6735560880545469e-01,
          3.6557266571380267e-02, 8.6250050676887444e-02,
          3.0902588745969082e-03, 2.1975852412918332e-02,
          -4.4330000057068296e-02, 2.3827390678258415e-02,
          -4.2494227646922976e-02, 4.2902384447940214e-02,
          3.7506153213611684e-02, 3.5720123437470427e-02,
          -1.6747205982681083e-02, 2.7115546813894914e-03,
          1.2005429188056655e-02, -2.2980758295197520e-02,
          -4.3251919577694836e-02, -1.7410829012824491e-02,
          3.6333420775506780e-03, -2.0217036781266620e-01,
          -7.1683964479493884e-04, 5.9352864319578956e-04,
          4.8116470788548129e-03, 1.5248082019397933e-02,
          9.9839777993813250e-01, 3.6905542389066986e-02,
          2.0712143884750345e-04, 3.9877553482831072e-03,
          -8.0770044246630968e-03, -2.4595688034293746e-02,
          5.0217858736657517e-03, 1.1523030630669130e-02,
          4.0232661891449490e-04, 2.8450067183602864e-03,
          -5.6921360225115842e-03, 2.9923544677954326e-03,
          -5.3071210352411075e-03, 5.3161359455257016e-03,
          4.6163307856961280e-03, 4.3762477203816456e-03,
          -2.0471170219888892e-03, 3.2627681500859801e-04,
          1.4359890652297445e-03, -2.7404983445292164e-03,
          -5.1174421517743551e-03, -2.0568364284433657e-03,
          4.2659680034387348e-04, -2.3414367478020798e-02,
          1.2609245533639806e-03, -1.0396193748586639e-03,
          -7.9094995351694647e-03, -2.4728668679777605e-02,
          -3.3338628172761967e-02, 9.9613747956736320e-01,
          -4.3912983419941789e-04, -8.2202274895726360e-03,
          1.6255495668434136e-02, 4.8659320871304416e-02,
          -9.7769425539961322e-03, -2.2295093458727138e-02,
          -7.7408910064649217e-04, -5.4673363075525023e-03,
          1.0919878074163534e-02, -5.7142791209042433e-03,
          1.0123197666742545e-02, -1.0124320478578587e-02,
          -8.7797601295984337e-03, -8.3155166810829160e-03,
          3.8880731304459363e-03, -6.1778981497887409e-04,
          -2.7158416358501508e-03, 5.1800202709984039e-03,
          9.6583372501064177e-03, 3.8808110695531654e-03,
          -8.0396275759799657e-04, 4.4013928011867154e-02,
          2.1657184358161938e-05, -1.7496926363543881e-05,
          -1.0300064532755770e-04, -3.0776808580450579e-04,
          -9.9100013697009899e-05, 2.1225141309494565e-04,
          9.9999556630053610e-01, -8.6737016672988197e-04,
          9.3720000184015304e-04, 2.1287883144087984e-03,
          -3.5005261414685696e-04, -7.4623375224722502e-04,
          -2.4482920872993813e-05, -1.7091587277374924e-04,
          3.3575858973865772e-04, -1.6836507323379107e-04,
          2.9525108708722416e-04, -2.9114495896195316e-04,
          -2.4951864530215720e-04, -2.3445176048539159e-04,
          1.0919760210392036e-04, -1.6903896681017720e-05,
          -7.3601499579233127e-05, 1.3971465622796572e-04,
          2.5732793313230110e-04, 1.0315291369334693e-04,
          -2.1170842549582111e-05, 1.1358144406762155e-03,
          3.7886160453667487e-04, -3.0487328354771910e-04,
          -1.7197670531045796e-03, -5.1064051834263397e-03,
          -1.4903554106097470e-03, 3.1073171067516449e-03,
          6.6843232180544660e-04, 9.9754903670115880e-01,
          3.0655126672199013e-02, 5.3612076287978178e-02,
