%YAML:1.0
---
opencv_eigenfaces:
   threshold: 1.7976931348623157e+308
   num_components: 18
   mean: !!opencv-matrix
      rows: 1
      cols: 18
      dt: d
      data: [ 2.7790115887506138e-13, -1.2631870857957336e-14,
          -1.8947806286936004e-14, 1.4210854715202004e-14,
          -7.7370209004988677e-14, -8.8423096005701345e-14,
          -1.3658210365166370e-13, 4.4211548002850673e-14,
          -1.1052887000712669e-13, -2.3684757858670004e-14,
          -2.5263741715914672e-14, 0., -1.4131905522339771e-13,
          -1.9737298215558338e-14, -3.6316628716627340e-14,
          1.1348946473946044e-14, -2.7286814783009402e-14,
          2.2007087510347545e-14 ]
   eigenvalues: !!opencv-matrix
      rows: 18
      cols: 1
      dt: d
      data: [ 3.9486148408407837e+07, 8.0045735527144338e+05,
          6.7123280412876129e+05, 5.8045881733900972e+05,
          5.0105342252989602e+05, 3.3497004062997876e+05,
          2.7314638969387423e+05, 2.1809718306193940e+05,
          1.7534785055998879e+05, 1.3333145513825049e+05,
          1.0663027356485046e+05, 9.4934510851434461e+04,
          7.8017483179026603e+04, 5.6480078159731936e+04,
          5.6158857830655761e+04, 4.4994698976904714e+04,
          1.1698931639987026e+04, 1.1861885568352606e-11 ]
   eigenvectors: !!opencv-matrix
      rows: 18
      cols: 18
      dt: d
      data: [ 9.9967937001852869e-01, 4.9040469761617257e-03,
          4.6179488275794748e-03, -4.9266811270576678e-03,
          -7.7875226406334637e-03, 4.3152935138973609e-03,
          -5.9627644321763387e-03, 4.6120900777979755e-04,
          -3.3632236263644861e-03, -3.8055795847170889e-03,
          3.3187565787135029e-03, -5.5153141427838354e-03,
          -5.9031622297799962e-03, -5.4725150676020254e-03,
          1.8634368204775654e-03, -1.3040419976692735e-03,
          -1.0826975966416049e-03, -1.7835578419708970e-02,
          -6.2473473993433624e-05, 9.7046185029789023e-01,
          -1.5556105044345486e-01, 9.1319040406635008e-02,
          1.0371879796116637e-01, -3.6260871164085058e-02,
          4.4083000409992516e-02, -3.0810278023884847e-03,
          2.0906213403645801e-02, 2.2146662005276738e-02,
          -1.8562278556093843e-02, 3.0331612887053310e-02,
          3.1697752153320831e-02, 2.8528269579088716e-02,
          -9.7098911532405713e-03, 6.6939530816253930e-03,
          5.3219129901168642e-03, 8.6382923318083171e-02,
          -5.0683942875216890e-05, 1.0290924075333741e-01,
          9.5524377632103530e-01, 1.9648319755496824e-01,
          1.5232948839963539e-01, -4.0994991041055334e-02,
          4.7587743415988537e-02, -3.2232485314490117e-03,
          2.1439929550110832e-02, 2.2335718182199628e-02,
          -1.8545334954803747e-02, 3.0186965056625468e-02,
          3.1378537486355905e-02, 2.8060755160168798e-02,
          -9.5498862530298163e-03, 6.5629212031000717e-03,
          5.1719847796921148e-03, 8.3706296171381339e-02,
          4.4488961088931548e-05, -5.5628544024956143e-02,
          -1.1728238245633536e-01, 9.2934628412181175e-01,
          -3.1949356529203760e-01, 5.0145921638620430e-02,
          -5.4763899375771953e-02, 3.5712197816568643e-03,
          -2.3219654454131509e-02, -2.3749368496470170e-02,
          1.9521434579531437e-02, -3.1646355367223919e-02,
          -3.2712316042152342e-02, -2.9060646169030393e-02,
          9.8892410811959805e-03, -6.7742475774833274e-03,
          -5.2912062592066220e-03, -8.5388148044485232e-02,
          9.6711262729108789e-05, -8.0695204592389561e-02,
          -1.2047361209794173e-01, 2.1744433077774644e-01,
          8.6472706051514536e-01, 2.2280189512934725e-01,
          -1.9963078785523883e-01, 1.1768192881080464e-02,
          -7.2463870972667266e-02, -7.1139529882012692e-02,
          5.7232373324635891e-02, -9.1993283599496087e-02,
          -9.4006721195537643e-02, -8.2405782527639374e-02,
          2.8037107941492667e-02, -1.9083038369230115e-02,
          -1.4648554119375740e-02, -2.3508483211562134e-01,
          -3.7726859705419224e-05, 2.3349536850345534e-02,
          3.0281379181102623e-02, -4.3862718660594727e-02,
          -1.0071096838677376e-01, 9.4023610106107203e-01,
          2.6704732890035843e-01, -9.9773528304556488e-03,
          5.1952061262205931e-02, 4.5910131374041943e-02,
          -3.5152927559106421e-02, 5.5458724739936988e-02,
          5.5307494610111453e-02, 4.7177466239533332e-02,
          -1.6045215733326235e-02, 1.0782985193593069e-02,
          8.0063333036151201e-03, 1.2717247614387364e-01,
          5.5038161782405232e-05, -2.9565218268801468e-02,
          -3.6522929974975783e-02, 4.9816257168638307e-02,
          1.0395963875245019e-01, -1.7226054437087085e-01,
          9.0351973827858134e-01, 4.7152538275671202e-02,
          -1.4967460779303846e-01, -1.0899609953544599e-01,
          7.7523870475930401e-02, -1.1921354385516850e-01,
          -1.1516690331946543e-01, -9.4995228251042410e-02,
          3.2293596015028313e-02, -2.1380457761012946e-02,
          -1.5294283757803135e-02, -2.4027452648574540e-01,
          -4.7867596316748890e-06, 2.4275950832539916e-03,
          2.9475059555692847e-03, -3.9412020915746328e-03,
          -7.9935023820648515e-03, 1.0762335780983423e-02,
          -3.1581223925355902e-02, 9.9849023549886795e-01,
          2.3125023356079064e-02, 1.3189796785307947e-02,
          -8.7497497951332086e-03, 1.3162437352616732e-02,
          1.2390351938953135e-02, 9.9599074018896141e-03,
          -3.3847259094371409e-03, 2.2163910044679797e-03,
          1.5444405975809292e-03, 2.4083560699466100e-02,
          1.9461184975149495e-05, -9.1473483037880724e-03,
          -1.0876056131133538e-02, 1.4210039061128457e-02,
          2.7925895237440702e-02, -3.1302013715507025e-02,
          6.9595666944976556e-02, -1.1720406462569860e-02,
          9.7060524550099891e-01, -1.1993822267613970e-01,
          6.1394333918429911e-02, -8.6410928143728000e-02,
          -7.5731921123545112e-02, -5.7059436362037197e-02,
          1.9375126272996146e-02, -1.2363035294592099e-02,
          -8.1289090928842022e-03, -1.2479687612278345e-01,
          1.4521290539890353e-05, -6.4107521779642792e-03,
          -7.5025632829591451e-03, 9.6389048378971460e-03,
          1.8532632932924419e-02, -1.8661956279527811e-02,
          3.6966833199147647e-02, -4.6485986362273671e-03,
          6.5789492983246406e-02, 9.6251600707347806e-01,
          1.2779997235333557e-01, -1.4119309846053560e-01,
          -1.0180026766600717e-01, -6.6690343991091194e-02,
          2.2609753128278613e-02, -1.3743502489745313e-02,
          -8.2008077270353807e-03, -1.2295504061457269e-01,
          -7.5193232765857803e-06, 3.2032955107567668e-03,
          3.7172304605374942e-03, -4.7339693850642212e-03,
          -9.0016000992488038e-03, 8.6273794410897300e-03,
          -1.6330579634789340e-02, 1.8807283386929677e-03,
          -2.2075550358879127e-02, -6.2120304677833409e-02,
          9.5479870736634087e-01, 2.5286940843828348e-01,
          1.0115125016545616e-01, 5.2196044295486820e-02,
          -1.7656494072059149e-02, 1.0060942088198962e-02,
          5.3775364611961347e-03, 7.8741088040597818e-02,
          1.3150057776299130e-05, -5.4841777255619784e-03,
          -6.3331007330664751e-03, 8.0252250608380329e-03,
          1.5165570799963595e-02, -1.4156685540540961e-02,
          2.6198806315249484e-02, -2.9000114663733328e-03,
          3.1750009050727904e-02, 7.0679660958263821e-02,
          -1.5955320431243170e-01, 8.6977355064757533e-01,
          -4.0549622740565783e-01, -1.3302565472531588e-01,
          4.4864236830001451e-02, -2.3580426225085462e-02,
          -1.1241372838588492e-02, -1.6110575871546645e-01,
          1.6962404030851406e-05, -6.8902218199756319e-03,
          -7.9102555871863930e-03, 9.9644804630769912e-03,
          1.8693495071335185e-02, -1.6935065837336311e-02,
          3.0587044528891272e-02, -3.2526860960215990e-03,
