%YAML:1.0
---
opencv_eigenfaces:
   threshold: 1.7976931348623157e+308
   num_components: 18
   mean: !!opencv-matrix
      rows: 1
      cols: 18
      dt: d
      data: [ 6.8212102632969618e-13, -1.2789769243681803e-13,
          8.8423096005701345e-14, -7.2633257433254680e-14,
          -2.0526790144180672e-14, -5.4474943074941010e-14,
          -7.8949192862233357e-15, -4.1053580288361343e-14,
          -1.3421362786579670e-14, -1.1842378929335002e-14,
          -5.6448672896496843e-14, -1.5789838572446671e-14,
          2.6842725573159340e-14, -5.0527483431829344e-14,
          -3.1579677144893340e-15, 9.7107507220547021e-14,
          -1.8090467395697688e-14, -4.7369515717340010e-15 ]
   eigenvalues: !!opencv-matrix
      rows: 18
      cols: 1
      dt: d
      data: [ 3.2974796410758935e+07, 8.0553413607478782e+05,
          6.3945157902034221e+05, 4.2162152189644537e+05,
          2.6499621762556583e+05, 2.2952666441099756e+05,
          1.7832837446584643e+05, 1.6077037641142961e+05,
          1.5112615017643230e+05, 1.2378850123492788e+05,
          1.0125686869340047e+05, 7.9974014003198492e+04,
          6.6411955553410153e+04, 6.0148527832546693e+04,
          4.2298747635586173e+04, 1.9623844788742430e+04,
          1.2938195682914671e+04, 1.7641589860047506e-11 ]
   eigenvectors: !!opencv-matrix
      rows: 18
      cols: 18
      dt: d
      data: [ 9.9989162768621576e-01, 4.8252925796015144e-04,
          3.3545229882983563e-04, -1.5509320500159446e-03,
          1.7561674884097232e-04, 1.7714987111878150e-04,
          5.3126651807453686e-03, -3.8778561066810653e-03,
          -7.1552103460786887e-03, -6.9964498305360306e-06,
          3.3799039579173048e-04, -2.2190908350298009e-04,
          -2.3767306316024799e-04, 7.3957726661571480e-04,
          1.6243436036580032e-05, -4.2150864558119762e-04,
          3.2603063946835421e-03, 1.0386826658995098e-02,
          -1.0510565323310074e-05, 9.9947289915717952e-01,
          -3.1106412194728456e-03, 6.2477542924750662e-03,
          -5.0459916903531493e-04, -4.7813858027009220e-04,
          -1.3187933298986281e-02, 9.3688006240669336e-03,
          1.7036762650558267e-02, 1.6003340048851483e-05,
          -7.4885679200800855e-04, 4.7753758990256331e-04,
          5.0227385894799836e-04, -1.5500953979696896e-03,
          -3.3266012262111421e-05, 8.3888365843045925e-04,
          -6.4351618678014158e-03, -2.0179751953371457e-02,
          -5.6015088125300239e-06, 2.3700907170662372e-03,
          9.9973288348120004e-01, 5.8947251366047657e-03,
          -3.8995043916051358e-04, -3.5968569598582149e-04,
          -9.6034730608188078e-03, 6.7561788381970992e-03,
          1.2223387940917272e-02, 1.1327624745846944e-05,
          -5.2466272578962237e-04, 3.3157391355149031e-04,
          3.4686242174065702e-04, -1.0678741856466922e-03,
          -2.2764812954165941e-05, 5.6950666487817824e-04,
          -4.3589054269323919e-03, -1.3611036821562872e-02,
          1.5538739783837009e-05, -2.8417842674819823e-03,
          -3.4752181451240846e-03, 9.9418604907067376e-01,
          2.6632091317662040e-03, 2.1832991025558792e-03,
          5.1571055994251193e-02, -3.5092614154509490e-02,
          -6.2429548477336234e-02, -5.5418703902906432e-05,
          2.4884862210615599e-03, -1.5319543955872211e-03,
          -1.5781442434450283e-03, 4.8257481230933172e-03,
          1.0100799591679690e-04, -2.4736250225624134e-03,
          1.8821155847056795e-02, 5.8128198777853177e-02,
          -8.5312489619511894e-07, 1.1237492317642958e-04,
          1.1335260854913624e-04, -1.2612810714865831e-03,
          9.9990963534474475e-01, -6.4041224934518136e-04,
          -7.8694599351175360e-03, 4.7788154856240840e-03,
          8.0730292093127830e-03, 6.3707127581391579e-06,
          -2.6558793800836387e-04, 1.5441253625398738e-04,
          1.5414942627684858e-04, -4.6509366583121972e-04,
          -9.4011774112549766e-06, 2.2156205575921147e-04,
          -1.6686279514765527e-03, -5.0584028363363752e-03,
          -6.0491202939231266e-07, 7.4855475050322173e-05,
          7.3499851347158266e-05, -7.3001901352940898e-04,
          4.4966751081068027e-04, 9.9989736807176499e-01,
          -9.4563102478109010e-03, 5.1421123942170044e-03,
          8.3230196072321475e-03, 6.0389570161211139e-06,
          -2.4064793408991195e-04, 1.3559901047873350e-04,
          1.3321022337926960e-04, -3.9926202318737162e-04,
          -7.9372611058916793e-06, 1.8384275915031063e-04,
          -1.3783784874116210e-03, -4.1453746879455836e-03,
          -6.7879161196772134e-06, 7.6511404239215349e-04,
          7.2462448061461212e-04, -6.3165144018804131e-03,
          1.9295936434230959e-03, 3.1507879488624144e-03,
          8.6500576398604556e-01, 3.5261289111153687e-01,
          3.5067847244892825e-01, 1.4874216475016234e-04,
          -4.9015779747329331e-03, 2.4758054359570532e-03,
          2.3121693547108048e-03, -6.7934104492055752e-03,
          -1.2874664670918065e-04, 2.8458364579746899e-03,
          -2.1091415469466437e-02, -6.2165019533521229e-02,
          3.4218580829639735e-06, -3.7773686591270692e-04,
          -3.5509033691275260e-04, 3.0206238384571115e-03,
          -8.4871869217457670e-04, -1.2845275440176421e-03,
          -1.3776671539386184e-01, 8.4971100945090006e-01,
          -5.0761614533264054e-01, -1.0453624019923838e-04,
          3.0613121808429904e-03, -1.4655090364866178e-03,
          -1.3387852755871849e-03, 3.9011545020944016e-03,
          7.2549328754889088e-05, -1.5761241479467598e-03,
          1.1633170424703777e-02, 3.4047856646102076e-02,
          -2.5570440576950131e-08, 2.6821765760596807e-06,
          2.4779224444160102e-06, -1.9969142313898108e-05,
          4.7921679450834392e-06, 6.4625574563303543e-06,
          3.7633309803020734e-04, -4.0533065535041372e-04,
          -1.0120353800352944e-03, 9.9999927190779903e-01,
          -5.8090440381799943e-05, 1.9625996140436677e-05,
          1.6058280739801765e-05, -4.5059849137100088e-05,
          -7.7329750529733612e-07, 1.5709300102741514e-05,
          -1.1420375362021351e-04, -3.2593569135379172e-04,
          4.9374530512363881e-06, -5.0186058075002253e-04,
          -4.5896552626128751e-04, 3.5899955765508569e-03,
          -7.9978985103990334e-04, -1.0314265131835362e-03,
          -5.1629308082055701e-02, 4.8878004068433699e-02,
          1.0774997567195148e-01, 2.3485589106929063e-04,
          9.8811940169790125e-01, -7.7141376561258570e-03,
          -5.0719514876290924e-03, 1.3395334224966561e-02,
          2.0562885600025391e-04, -3.8611005459587727e-03,
          2.7616413125594642e-02, 7.6798128122516018e-02,
          3.4038035554143670e-05, -3.4040468977499655e-03,
          -3.0973629912092928e-03, 2.3879237479984237e-02,
          -5.1449817512197963e-03, -6.5138064634080936e-03,
          -3.0872183193855701e-01, 2.8119469604946185e-01,
          6.0053121388757258e-01, 1.0595062196946334e-03,
          -1.5139008806179993e-01, -1.1737555526435968e-01,
          -5.2638293425232734e-02, 1.2914718775215717e-01,
          1.7701269016108341e-03, -3.1099890073728851e-02,
          2.1965623489439062e-01, 5.9912957474136685e-01,
          4.0945774011518275e-06, -4.0402178058238666e-04,
          -3.6611274595336427e-04, 2.7901596617961287e-03,
          -5.8599279603985417e-04, -7.3196524693427013e-04,
          -3.3414236470101499e-02, 2.9696963589748125e-02,
          6.2226201296945192e-02, 9.8771796164396678e-05,
          -9.7970445446681625e-03, 9.9290056170235164e-01,
          -1.1005997501198678e-02, 2.3356099916086483e-02,
          2.6918367733898838e-04, -4.3576353709347138e-03,
          3.0343287135352372e-02, 8.1034464368133038e-02,
          1.7346023386446398e-06, -1.6810361621476727e-04,
          -1.5151023345770449e-04, 1.1376045241091495e-03,
          -2.3148817900513598e-04, -2.8457476860243219e-04,
          -1.2455741852569537e-02, 1.0788205463834627e-02,
